id	genotype_164	genotype_581	genotype_164_581
TO-00-44	0	1	0
AM-00-36	NA	0	0
TO-00-03	NA	0	0
AM-00-50	NA	0	0
TO-00-26	NA	0	0
AR-00-08	0	0	0
MU-00-17	0	0	0
JI-00-15	0	0	0
KB-00-23	0	1	0
JI-00-38	NA	0	0
AG-00-24	0	0	0
LA-00-31	0	0	0
AG-00-44	0	0	0
AR-00-38	0	0	0
KB-00-21	0	0	0
MU-00-01	0	0	0
KN-00-32	NA	1	NA
KN-00-24	NA	1	NA
AM-00-30	NA	0	0
AR-00-22	0	1	0
AG-00-14	0	0	0
TO-00-12	0	0	0
JI-00-29	NA	0	0
AM-00-28	NA	0	0
KN-00-37	NA	0	0
LA-00-42	0	0	0
AG-00-16	0	0	0
JI-00-50	0	0	0
TO-00-34	NA	0	0
AG-00-01	NA	0	0
TO-00-17	0	0	0
AM-00-42	NA	0	0
JI-00-44	NA	0	0
KB-00-01	0	0	0
AG-00-41	0	0	0
LA-00-01	0	0	0
KN-00-18	NA	1	NA
TO-00-20	0	0	0
KO-00-21	0	0	0
KO-00-18	0	0	0
KN-00-15	NA	0	0
KB-00-19	0	1	0
AR-00-11	0	0	0
TO-00-30	0	0	0
KB-00-22	0	1	0
LA-00-19	NA	0	0
JI-00-05	NA	0	0
KN-00-48	NA	1	NA
KO-00-14	NA	0	0
JI-00-21	NA	0	0
LA-00-34	NA	0	0
AR-00-43	0	0	0
AG-00-43	0	0	0
AM-00-18	NA	0	0
JI-00-41	0	0	0
LA-00-24	0	0	0
AR-00-37	0	0	0
LA-00-15	0	0	0
AM-00-06	0	0	0
AR-00-42	0	0	0
KN-00-19	NA	0	0
KB-00-03	0	1	0
AG-00-31	0	0	0
KB-00-37	0	1	0
AM-00-51	0	NA	0
KO-00-10	0	0	0
LA-00-04	0	0	0
AR-00-02	0	0	0
LA-00-14	0	0	0
KO-00-35	0	0	0
AM-00-37	0	0	0
TO-00-16	0	0	0
KO-00-19	NA	0	0
AG-00-29	0	0	0
MU-00-46	NA	1	NA
JI-00-08	NA	0	0
LA-00-16	0	0	0
AR-00-39	0	1	0
MU-00-15	0	0	0
KB-00-29	0	0	0
KO-00-12	0	0	0
MU-00-07	1	0	0
KO-00-28	0	0	0
AG-00-21	0	0	0
JI-00-33	0	0	0
TO-00-08	0	1	0
KB-00-15	1	0	1
LA-00-02	0	0	0
MU-00-09	1	0	0
AG-00-32	0	0	0
LA-00-12	0	0	0
TO-00-19	0	0	0
KO-00-22	0	0	0
AG-00-33	0	0	0
KN-00-02	0	1	0
KN-00-25	NA	1	NA
AG-00-20	0	0	0
KO-00-49	0	0	0
LA-00-03	NA	0	0
MU-00-30	0	0	1
TO-00-04	0	0	0
KO-00-34	NA	0	0
KB-00-09	0	1	0
TO-00-38	NA	0	0
AG-00-38	0	0	0
LA-00-07	0	0	0
KN-00-05	0	1	0
KN-00-17	0	1	0
AG-00-23	0	0	0
KB-00-40	NA	1	NA
MU-00-43	NA	0	0
AM-00-25	0	0	0
MU-00-33	0	0	0
TO-00-24	0	0	0
AG-00-05	0	0	1
JI-00-42	0	0	0
JI-00-45	0	0	0
JI-00-35	NA	0	0
MU-00-23	0	1	0
KB-00-24	0	1	0
MU-00-22	1	0	0
AM-00-26	NA	0	0
MU-00-05	1	1	1
LA-00-26	0	0	0
MU-00-19	0	1	0
KN-00-12	1	0	0
KB-00-34	0	0	0
KO-00-04	0	0	0
JI-00-02	NA	0	0
KN-00-06	0	1	0
MU-00-02	NA	1	NA
AG-00-07	0	0	0
JI-00-22	0	0	0
KB-00-43	NA	1	NA
MU-00-06	0	NA	0
JI-00-18	NA	0	0
KO-00-36	NA	0	0
KB-00-18	0	1	0
KO-00-43	0	0	0
LA-00-35	0	0	0
TO-00-15	0	0	0
MU-00-10	0	1	0
KO-00-09	NA	0	0
KB-00-27	NA	1	NA
KN-00-44	0	0	0
AR-00-46	0	0	0
KN-00-08	0	0	0
TO-00-06	NA	0	0
MU-00-31	1	0	0
JI-00-06	NA	0	0
KO-00-31	0	0	0
KB-00-10	1	1	1
KO-00-15	NA	0	0
AR-00-23	0	0	0
KB-00-36	0	1	0
AM-00-05	0	0	0
AG-00-50	NA	0	0
LA-00-43	0	0	0
KO-00-29	0	0	0
AM-00-45	0	0	0
KB-00-11	0	0	1
KB-00-06	0	1	0
LA-00-36	0	0	0
AG-00-30	0	0	0
AR-00-19	0	1	0
KB-00-31	1	0	1
KN-00-14	NA	0	0
KN-00-39	NA	1	NA
KB-00-25	0	1	0
JI-00-14	NA	0	0
KN-00-33	0	0	0
LA-00-17	0	0	0
AR-00-50	0	0	0
KO-00-41	NA	0	0
TO-00-40	0	0	0
AR-00-31	0	1	0
TO-00-29	0	0	0
KN-00-23	0	1	0
LA-00-20	0	0	0
TO-00-32	0	0	0
TO-00-48	0	0	0
MU-00-11	1	0	0
AG-00-27	NA	0	0
KB-00-30	0	0	0
TO-00-10	0	0	0
KO-00-17	NA	0	0
AR-00-26	0	0	0
MU-00-24	0	1	0
KB-00-35	0	1	0
AG-00-39	0	0	0
KN-00-21	0	1	0
AM-00-07	0	0	0
AR-00-33	0	0	0
KN-00-42	0	1	0
KB-00-45	0	0	0
MU-00-13	0	1	0
KB-00-07	1	0	1
AG-00-17	1	0	0
AR-00-07	1	0	1
LA-00-29	0	0	0
AR-00-27	0	0	0
KB-00-08	0	1	0
AR-00-03	0	1	0
KB-00-13	0	1	0
JI-00-17	NA	1	NA
MU-00-18	1	0	0
KB-00-50	0	1	0
AG-00-13	NA	0	0
LA-00-06	0	0	0
KN-00-38	NA	1	NA
LA-00-46	0	0	0
KN-00-43	NA	1	NA
KB-00-46	0	0	0
TO-00-28	0	0	0
KN-00-35	0	1	0
AM-00-24	NA	0	0
KB-00-20	0	1	0
TO-00-35	NA	0	0
LA-00-23	0	0	0
KN-00-31	0	0	0
AG-00-18	0	0	0
AM-00-01	0	NA	0
AG-00-45	0	0	0
AR-00-48	0	0	0
JI-00-40	0	0	0
AM-00-48	0	0	0
TO-00-47	NA	0	0
AM-00-17	0	0	0
MU-00-27	NA	0	0
KB-00-39	0	0	0
AG-00-12	NA	0	0
KB-00-05	1	0	0
AR-00-21	0	0	0
JI-00-01	NA	0	0
AM-00-41	0	0	0
LA-00-38	0	0	0
TO-00-41	NA	0	0
KN-00-47	0	1	0
TO-00-01	NA	0	0
AM-00-12	NA	0	0
LA-00-28	0	0	0
KB-00-16	NA	1	NA
KB-00-49	1	1	1
KO-00-42	0	0	0
JI-00-26	NA	0	0
KN-00-01	NA	1	NA
AG-00-42	0	0	0
JI-00-04	0	0	0
MU-00-14	0	0	0
AR-00-15	0	0	0
AM-00-40	0	0	0
KO-00-46	0	0	0
AM-00-04	NA	0	0
KN-00-11	0	1	0
LA-00-44	0	1	0
JI-00-48	0	0	0
AG-00-02	0	0	0
KN-00-36	NA	1	NA
MU-00-03	NA	0	0
TO-00-39	0	0	0
TO-00-23	NA	0	0
TO-00-43	0	0	0
LA-00-22	0	0	0
LA-00-47	1	0	0
AG-00-10	NA	0	0
KN-00-26	0	1	1
JI-00-37	NA	0	0
KN-00-09	0	1	0
TO-00-50	NA	0	0
LA-00-27	0	0	0
TO-00-05	0	0	0
KN-00-03	NA	1	NA
JI-00-13	NA	0	0
LA-00-32	NA	0	0
KB-00-32	0	1	0
AR-00-32	0	0	0
TO-00-31	0	0	0
AG-00-15	0	0	0
AR-00-34	1	0	0
KN-00-13	NA	1	NA
AR-00-49	0	0	0
MU-00-04	NA	0	0
TO-00-46	0	0	0
AR-00-45	0	0	0
JI-00-39	0	0	0
AM-00-38	0	0	0
LA-00-48	0	0	0
AR-00-20	0	0	0
KB-00-12	0	1	0
KN-00-20	0	1	0
KB-00-47	1	0	0
AM-00-02	0	0	0
AG-00-06	0	0	0
AR-00-09	0	0	0
KN-00-45	0	1	0
KN-00-49	NA	1	NA
AM-00-46	0	0	0
MU-00-25	0	1	0
KN-00-07	0	0	1
KB-00-28	0	1	0
KB-00-04	0	1	0
KB-00-44	0	0	0
AG-02-03	0	0	0
AG-02-04	0	0	0
AG-02-06	0	0	0
AG-02-07	0	0	0
AG-02-12	0	0	0
AG-02-15	0	1	0
AG-02-16	0	0	0
AG-02-20	0	0	0
AG-02-21	0	0	0
AG-02-22	0	0	0
AG-02-24	NA	0	0
AG-02-25	0	0	0
AG-02-26	0	0	0
AG-02-27	0	1	0
AG-02-28	0	0	0
AG-02-30	0	0	0
AG-02-31	0	0	0
AG-02-32	0	0	0
AG-02-35	NA	0	0
AG-02-36	0	0	0
AG-02-37	0	0	0
AG-02-38	0	0	0
AG-02-39	NA	0	0
AG-02-40	0	0	0
AG-02-44	0	0	0
AG-02-45	0	0	0
AG-02-48	0	0	0
AG-02-50	1	1	1
AM-02-01	0	0	0
AM-02-02	0	0	0
AM-02-03	0	0	0
AM-02-04	1	1	1
AM-02-05	0	0	0
AM-02-06	0	0	0
AM-02-07	0	0	0
AM-02-09	0	0	0
AM-02-10	NA	0	0
AM-02-11	1	0	0
AM-02-12	0	0	0
AM-02-13	0	0	0
AM-02-15	0	0	0
AM-02-16	0	0	0
AM-02-17	0	0	1
AM-02-18	1	0	1
AM-02-19	0	0	0
AM-02-20	0	0	0
AM-02-21	0	0	0
AM-02-24	1	0	0
AM-02-33	0	0	0
AM-02-34	0	0	0
AM-02-35	0	0	0
AM-02-36	0	0	0
AM-02-37	0	0	0
AM-02-38	0	0	0
AM-02-39	0	0	0
AM-02-40	0	1	0
AM-02-42	0	0	0
AM-02-43	1	1	1
AM-02-44	0	0	0
AM-02-45	0	0	0
AM-02-46	0	0	0
AM-02-47	0	0	0
AM-02-48	0	0	0
AM-02-49	0	0	0
AM-02-50	0	0	0
AR-02-01	0	0	0
AR-02-02	0	1	1
AR-02-03	NA	0	0
AR-02-04	NA	0	0
AR-02-05	0	0	0
AR-02-06	0	0	0
AR-02-07	0	0	0
AR-02-08	0	0	0
AR-02-09	0	0	0
AR-02-10	0	0	0
AR-02-11	NA	0	0
AR-02-12	0	0	0
AR-02-13	1	0	0
AR-02-14	0	0	0
AR-02-15	0	0	0
AR-02-17	0	0	0
AR-02-19	0	1	0
AR-02-20	NA	0	0
AR-02-21	0	0	0
AR-02-23	0	0	0
AR-02-24	0	0	0
AR-02-28	1	1	1
AR-02-29	0	0	0
AR-02-30	0	0	0
AR-02-33	NA	0	0
AR-02-34	0	0	0
AR-02-35	0	0	0
AR-02-36	0	0	0
AR-02-37	0	0	0
AR-02-39	0	1	0
AR-02-41	0	0	0
AR-02-42	0	0	0
AR-02-43	0	0	0
AR-02-44	0	0	0
AR-02-45	0	0	0
AR-02-46	0	0	0
AR-02-50	1	0	0
JI-02-01	1	0	0
JI-02-02	1	0	0
JI-02-03	0	0	0
JI-02-04	1	0	0
JI-02-09	0	0	0
JI-02-10	0	0	0
JI-02-11	NA	0	0
JI-02-12	0	0	0
JI-02-13	1	1	1
JI-02-14	0	0	0
JI-02-15	0	0	0
JI-02-16	0	0	0
JI-02-17	1	0	0
JI-02-18	0	0	0
JI-02-19	0	0	0
JI-02-21	1	0	0
JI-02-22	1	0	0
JI-02-25	1	0	0
JI-02-27	1	0	0
JI-02-28	0	0	0
JI-02-29	1	0	0
JI-02-30	0	0	0
JI-02-32	NA	1	NA
JI-02-33	0	0	0
JI-02-34	0	0	0
JI-02-36	1	0	0
JI-02-38	0	0	0
JI-02-39	0	0	0
JI-02-40	0	0	0
JI-02-41	1	0	0
JI-02-44	0	0	0
JI-02-46	0	0	0
JI-02-47	0	0	0
JI-02-48	0	0	0
KN-02-01	0	0	0
KN-02-02	0	0	0
KN-02-03	0	0	0
KN-02-04	0	1	0
KN-02-05	0	0	0
KN-02-06	0	0	0
KN-02-08	0	0	0
KN-02-09	0	0	0
KN-02-11	1	1	1
KN-02-12	0	0	0
KN-02-13	1	0	0
KN-02-14	1	0	1
KN-02-15	1	0	0
KN-02-16	1	1	1
KN-02-17	0	0	0
KN-02-18	0	0	0
KN-02-19	0	1	0
KN-02-20	0	1	0
KN-02-21	1	1	1
KN-02-22	0	1	0
KN-02-23	1	1	1
KN-02-24	1	0	0
KN-02-25	0	1	0
KN-02-26	1	0	0
KN-02-27	0	0	0
KN-02-28	0	0	0
KN-02-29	0	0	0
KN-02-30	1	0	1
KN-02-31	1	1	1
KN-02-32	0	0	0
KN-02-33	1	0	0
KN-02-34	0	1	0
KN-02-35	1	0	0
KN-02-36	0	0	0
KN-02-37	0	0	0
KN-02-38	0	0	0
KN-02-39	1	1	1
KN-02-40	0	1	0
KN-02-41	0	0	0
KN-02-42	0	0	0
KN-02-43	0	1	0
KN-02-44	0	1	0
KN-02-45	0	0	0
KN-02-47	1	1	1
KN-02-48	1	0	0
KN-02-50	1	1	1
KO-02-04	0	0	0
KO-02-05	0	0	0
KO-02-08	1	0	0
KO-02-11	1	1	1
KO-02-12	0	1	1
KO-02-13	0	0	0
KO-02-15	0	0	0
KO-02-16	0	0	0
KO-02-18	1	0	0
KO-02-19	1	0	0
KO-02-20	0	0	0
KO-02-22	0	0	0
KO-02-23	0	0	0
KO-02-24	0	0	0
KO-02-25	1	0	0
KO-02-26	1	0	0
KO-02-29	0	0	0
KO-02-33	0	0	0
KO-02-34	NA	0	0
KO-02-35	1	0	0
KO-02-37	0	0	0
KO-02-39	0	0	0
KO-02-40	0	0	0
KO-02-41	NA	0	0
KO-02-42	0	0	0
KO-02-44	0	0	0
KO-02-45	0	0	0
KO-02-48	0	0	0
KO-02-49	0	0	0
LA-02-01	1	0	0
LA-02-05	0	0	0
LA-02-07	1	0	0
LA-02-08	NA	0	0
LA-02-09	0	0	0
LA-02-10	0	1	0
LA-02-11	0	0	0
LA-02-12	NA	0	0
LA-02-13	1	0	0
LA-02-15	0	0	0
LA-02-16	0	0	0
LA-02-17	0	0	0
LA-02-18	0	0	0
LA-02-19	0	0	0
LA-02-20	0	0	0
LA-02-21	0	0	0
LA-02-23	NA	0	0
LA-02-26	0	0	0
LA-02-33	0	0	0
LA-02-34	1	0	0
LA-02-36	1	0	0
LA-02-37	1	1	1
LA-02-39	0	0	0
LA-02-40	1	1	1
LA-02-42	0	0	0
LA-02-44	NA	0	0
LA-02-46	0	0	0
LA-02-48	0	0	0
LA-02-49	NA	0	0
MU-02-01	0	0	0
MU-02-02	1	0	0
MU-02-03	0	1	0
MU-02-04	0	0	0
MU-02-05	0	1	0
MU-02-07	0	0	0
MU-02-10	0	0	0
MU-02-11	0	0	0
MU-02-12	0	0	0
MU-02-15	1	1	1
MU-02-16	0	1	0
MU-02-18	NA	1	NA
MU-02-19	0	0	1
MU-02-22	1	0	0
MU-02-23	0	0	0
MU-02-24	1	0	0
MU-02-25	1	1	1
MU-02-26	1	0	0
MU-02-27	0	0	0
MU-02-28	0	0	1
MU-02-29	0	1	0
MU-02-30	1	0	0
MU-02-32	1	0	0
MU-02-33	1	0	0
MU-02-34	NA	0	0
MU-02-35	0	0	0
MU-02-37	1	0	0
MU-02-39	0	0	0
MU-02-40	1	0	0
MU-02-41	1	0	0
MU-02-42	0	0	0
MU-02-43	1	0	0
MU-02-44	0	1	0
MU-02-45	0	0	0
MU-02-46	0	0	0
MU-02-47	0	0	0
MU-02-48	1	1	1
MU-02-49	0	1	0
MU-02-50	1	0	0
TO-02-03	0	0	0
TO-02-04	0	0	0
TO-02-05	1	0	0
TO-02-06	0	0	0
TO-02-07	0	0	0
TO-02-08	0	0	0
TO-02-09	0	0	0
TO-02-10	0	1	0
TO-02-11	0	0	0
TO-02-12	1	0	0
TO-02-13	0	0	0
TO-02-14	0	0	0
TO-02-15	1	0	0
TO-02-16	0	0	0
TO-02-17	0	0	0
TO-02-18	0	0	0
TO-02-19	0	0	0
TO-02-22	0	0	0
TO-02-25	0	0	0
TO-02-26	0	0	0
TO-02-27	1	0	0
TO-02-30	0	0	0
TO-02-31	0	0	0
TO-02-33	0	0	0
TO-02-34	0	0	0
TO-02-36	0	0	0
TO-02-37	0	0	0
TO-02-39	0	0	0
TO-02-40	0	0	0
TO-02-42	0	0	0
TO-02-43	0	0	0
TO-02-44	0	0	0
TO-02-46	0	0	0
TO-02-47	0	0	0
TO-02-48	0	1	0
TO-02-49	0	0	0
TO-02-50	0	0	0
AG-03-01	NA	0	0
AG-03-02	0	0	0
AG-03-04	0	0	0
AG-03-05	0	0	0
AG-03-07	NA	0	0
AG-03-08	0	0	0
AG-03-10	0	0	0
AG-03-13	0	0	0
AG-03-16	0	0	0
AG-03-18	0	0	0
AG-03-20	0	0	0
AG-03-21	0	0	0
AG-03-22	0	0	0
AG-03-24	0	0	0
AG-03-25	0	1	0
AG-03-26	0	0	0
AG-03-28	0	0	0
AG-03-29	0	0	0
AG-03-31	0	0	0
AG-03-32	0	0	0
AG-03-33	0	0	0
AG-03-35	0	0	0
AG-03-36	0	0	0
AG-03-37	0	0	0
AG-03-39	1	0	0
AG-03-40	0	0	0
AG-03-42	0	0	0
AG-03-43	0	0	0
AG-03-46	0	0	0
AG-03-48	0	0	0
AG-03-50	0	0	0
AM-03-08	0	0	0
AM-03-09	0	NA	0
AM-03-11	0	NA	0
AM-03-12	0	0	0
AM-03-13	0	NA	0
AM-03-17	0	NA	0
AM-03-21	0	NA	0
AM-03-23	NA	0	0
AM-03-29	NA	0	0
AM-03-36	NA	0	0
AM-03-40	0	0	0
AR-03-03	0	0	0
AR-03-06	0	0	0
AR-03-08	0	1	0
AR-03-09	0	0	0
AR-03-12	0	0	0
AR-03-13	0	0	0
AR-03-14	0	0	0
AR-03-15	0	0	0
AR-03-18	0	0	0
AR-03-21	1	0	0
AR-03-22	0	0	0
AR-03-23	0	0	0
AR-03-24	0	0	0
AR-03-26	0	0	0
AR-03-27	0	NA	0
AR-03-28	0	0	0
AR-03-32	0	0	0
AR-03-33	0	0	0
AR-03-35	0	0	0
AR-03-36	0	0	0
AR-03-38	0	0	0
AR-03-44	0	0	0
HO-03-01	0	0	0
HO-03-02	1	0	0
HO-03-03	1	0	0
HO-03-04	0	0	0
HO-03-05	0	0	0
HO-03-06	0	0	0
HO-03-07	0	0	0
HO-03-08	0	0	0
HO-03-09	0	1	0
HO-03-10	0	0	0
HO-03-11	0	0	0
HO-03-13	0	NA	0
HO-03-14	0	0	0
HO-03-16	0	0	0
HO-03-17	0	0	0
HO-03-18	0	0	0
HO-03-19	0	1	0
HO-03-21	1	0	0
HO-03-24	0	0	0
HO-03-25	0	0	0
HO-03-26	0	0	0
HO-03-28	0	1	0
HO-03-29	0	0	0
HO-03-30	0	0	0
HO-03-31	0	1	0
HO-03-32	0	0	0
HO-03-33	0	0	0
HO-03-34	1	0	0
HO-03-35	1	0	0
HO-03-37	1	0	0
HO-03-38	0	0	0
HO-03-39	0	0	0
HO-03-40	1	1	1
HO-03-41	1	1	1
HO-03-42	0	1	0
HO-03-43	0	0	0
HO-03-44	0	0	0
HO-03-45	0	0	0
HO-03-46	0	0	0
HO-03-47	0	0	0
HO-03-48	0	0	0
HO-03-49	0	0	0
HO-03-50	NA	0	0
JI-03-02	1	0	0
JI-03-03	0	0	0
JI-03-04	0	0	0
JI-03-05	NA	0	0
JI-03-06	0	0	0
JI-03-07	0	0	0
JI-03-08	1	0	0
JI-03-09	1	0	0
JI-03-11	1	0	0
JI-03-13	1	0	0
JI-03-15	0	0	0
JI-03-16	0	0	0
JI-03-17	0	0	0
JI-03-19	0	0	0
JI-03-20	1	0	0
JI-03-21	0	0	0
JI-03-22	1	0	0
JI-03-23	1	0	0
JI-03-24	1	0	0
JI-03-25	1	0	0
JI-03-26	1	0	0
JI-03-27	0	0	0
JI-03-28	0	1	0
JI-03-29	0	0	0
JI-03-32	0	0	0
JI-03-33	0	0	0
JI-03-34	0	NA	0
JI-03-35	0	0	0
JI-03-36	0	0	0
JI-03-38	1	1	1
JI-03-39	0	0	0
JI-03-40	1	0	0
JI-03-41	0	0	0
JI-03-42	0	0	0
JI-03-43	0	0	0
JI-03-45	1	0	0
KBG-03-02	0	0	0
KBG-03-03	0	0	0
KBG-03-04	0	0	0
KBG-03-09	0	0	0
KBG-03-10	0	0	0
KBG-03-11	0	0	0
KBG-03-12	0	0	0
KBG-03-14	0	0	0
KBG-03-15	0	0	0
KBG-03-16	0	0	0
KBG-03-18	0	0	0
KBG-03-20	0	0	0
KBG-03-23	0	0	0
KBG-03-24	0	0	0
KBG-03-25	0	0	0
KBG-03-27	0	0	0
KBG-03-31	0	0	0
KBG-03-32	0	0	0
KBG-03-33	0	0	0
KBG-03-34	0	0	0
KBG-03-37	0	0	0
KBG-03-40	0	0	0
KBG-03-41	0	0	0
KBG-03-43	0	0	0
KBG-03-44	0	0	0
KBG-03-45	0	0	0
KBG-03-46	0	0	0
KBG-03-48	0	0	0
KBG-03-49	0	0	0
KBK-03-01	0	0	0
KBK-03-02	0	0	0
KBK-03-03	0	1	0
KBK-03-04	0	0	0
KBK-03-05	0	0	0
KBK-03-12	0	0	0
KBK-03-15	0	0	0
KBK-03-16	0	0	0
KBK-03-17	0	0	0
KBK-03-18	0	0	0
KBK-03-22	0	0	0
KBK-03-23	0	1	0
KBK-03-27	0	0	0
KBK-03-29	0	NA	0
KBK-03-33	0	0	0
KBK-03-36	0	0	0
KBK-03-39	0	0	0
KBK-03-40	0	0	0
KBK-03-42	0	NA	0
KBK-03-43	0	1	0
KBK-03-44	0	0	0
KBK-03-46	0	0	0
KBK-03-47	0	0	0
KBK-03-49	0	0	0
KN-03-01	0	1	0
KN-03-02	1	0	0
KN-03-03	1	0	0
KN-03-04	1	0	0
KN-03-06	1	NA	NA
KN-03-07	0	0	0
KN-03-08	NA	0	0
KN-03-09	1	1	1
KN-03-10	0	1	0
KN-03-13	1	0	0
KN-03-14	0	1	0
KN-03-15	0	1	0
KN-03-16	0	0	0
KN-03-17	0	1	0
KN-03-18	0	0	0
KN-03-20	0	1	0
KN-03-21	0	0	0
KN-03-24	0	1	0
KN-03-25	0	0	0
KN-03-26	NA	0	0
KN-03-28	0	1	0
KN-03-30	0	0	0
KN-03-31	0	1	0
KN-03-32	0	1	0
KN-03-34	0	0	0
KN-03-35	1	0	1
KN-03-36	1	0	0
KN-03-37	1	0	0
KN-03-38	0	0	0
KN-03-39	1	0	0
KN-03-41	0	0	0
KN-03-42	0	0	0
KN-03-43	0	0	0
KN-03-44	1	0	0
KN-03-45	1	0	0
KN-03-46	1	0	0
KN-03-47	0	0	0
KN-03-48	0	1	1
KN-03-50	1	0	1
KO-03-01	1	0	0
KO-03-02	0	0	0
KO-03-04	0	0	0
KO-03-05	0	0	0
KO-03-07	0	0	0
KO-03-09	0	0	0
KO-03-10	0	0	0
KO-03-11	0	0	0
KO-03-14	0	0	0
KO-03-15	0	0	0
KO-03-16	0	0	0
KO-03-22	0	0	0
KO-03-23	0	0	0
KO-03-24	0	0	0
KO-03-25	0	0	0
KO-03-28	0	0	0
KO-03-29	0	0	0
KO-03-32	0	0	0
KO-03-33	0	0	0
KO-03-34	0	1	0
KO-03-35	0	0	0
KO-03-36	0	0	0
KO-03-37	0	0	0
KO-03-38	0	0	0
KO-03-39	0	0	0
KO-03-42	0	0	0
KO-03-44	0	0	0
KO-03-45	0	0	0
KO-03-47	0	0	0
KO-03-50	0	0	0
KS-03-01	0	1	0
KS-03-02	0	1	0
KS-03-04	0	0	0
KS-03-05	0	0	1
KS-03-06	1	1	1
KS-03-07	0	1	0
KS-03-08	NA	0	0
KS-03-09	0	1	0
KS-03-11	0	0	0
KS-03-12	1	1	1
KS-03-13	1	0	0
KS-03-14	0	1	0
KS-03-15	1	0	0
KS-03-17	0	0	1
KS-03-18	0	1	0
KS-03-19	1	0	0
KS-03-20	0	1	0
KS-03-21	0	0	1
KS-03-22	0	0	1
KS-03-24	1	0	0
KS-03-25	0	0	0
KTK-03-01	0	0	0
KTK-03-02	0	0	0
KTK-03-03	0	0	0
KTK-03-04	0	0	0
KTK-03-05	0	0	0
KTK-03-06	0	0	0
KTK-03-09	0	0	0
KTK-03-11	0	0	0
KTK-03-12	0	0	0
KTK-03-13	0	0	0
KTK-03-15	0	0	0
KTK-03-16	0	0	0
KTK-03-17	0	0	0
KTK-03-19	0	0	0
KTK-03-20	0	0	0
KTK-03-22	0	0	0
KTK-03-23	0	0	0
KTK-03-24	0	0	0
KTK-03-25	0	0	0
KTK-03-26	NA	0	0
KTK-03-27	0	0	0
KTK-03-28	0	0	0
KTK-03-29	0	0	0
KTK-03-30	0	0	0
KTK-03-31	0	0	0
KTK-03-33	0	0	0
KTK-03-34	0	0	0
KTK-03-35	0	0	0
KTK-03-36	0	0	0
KTK-03-37	0	0	0
KTK-03-39	0	0	0
KTK-03-40	0	0	0
KTK-03-41	0	0	0
KTK-03-43	0	0	0
KTK-03-45	0	0	0
KTK-03-46	0	0	0
KTK-03-47	0	0	0
KTK-03-48	0	0	0
KTK-03-49	0	0	0
KTK-03-50	0	0	0
LA-03-02	NA	0	0
LA-03-04	0	0	0
LA-03-05	0	0	0
LA-03-06	1	0	0
LA-03-08	0	NA	0
LA-03-09	0	0	0
LA-03-12	0	0	0
LA-03-13	0	0	0
LA-03-14	0	0	0
LA-03-17	0	0	0
LA-03-18	0	0	0
LA-03-21	0	0	0
LA-03-22	NA	0	0
LA-03-23	0	0	0
LA-03-24	0	0	0
LA-03-25	0	0	0
LA-03-26	0	0	0
LA-03-27	0	0	0
LA-03-28	NA	0	0
LA-03-29	0	1	0
LA-03-30	0	0	0
LA-03-31	NA	0	0
LA-03-34	0	0	0
LA-03-36	0	0	0
LA-03-37	0	0	0
LA-03-39	0	0	0
LA-03-40	0	0	0
LA-03-41	0	0	0
LA-03-45	0	0	0
LA-03-46	0	0	0
LA-03-47	0	0	0
MU-03-01	1	NA	NA
MU-03-04	0	1	0
MU-03-05	0	0	0
MU-03-06	0	0	0
MU-03-11	0	0	0
MU-03-13	0	0	0
MU-03-14	0	0	0
MU-03-17	0	0	0
MU-03-20	1	0	0
MU-03-22	0	1	0
MU-03-23	0	1	0
MU-03-24	1	0	0
MU-03-25	1	0	0
MU-03-26	1	0	0
MU-03-27	1	0	0
MU-03-28	0	0	0
MU-03-29	0	1	0
MU-03-30	1	1	1
MU-03-31	0	1	0
MU-03-32	0	0	0
MU-03-33	0	1	0
MU-03-34	0	1	0
MU-03-35	0	0	0
MU-03-36	0	0	0
MU-03-37	0	0	0
MU-03-38	0	0	0
MU-03-39	0	0	0
MU-03-40	0	0	0
MU-03-42	0	0	0
MU-03-43	0	0	0
MU-03-45	0	0	0
MU-03-46	0	0	1
MU-03-47	0	0	0
MU-03-49	0	0	0
MU-03-50	0	0	0
TO-03-01	0	0	0
TO-03-03	0	0	0
TO-03-10	0	0	0
TO-03-14	0	0	0
TO-03-15	0	0	0
TO-03-16	0	0	0
TO-03-17	0	0	0
TO-03-18	0	0	0
TO-03-20	NA	0	0
TO-03-21	0	0	0
TO-03-22	0	0	0
TO-03-23	0	0	0
TO-03-26	0	0	0
TO-03-27	0	0	0
TO-03-28	0	0	0
TO-03-31	0	0	0
TO-03-32	0	0	0
TO-03-33	1	0	0
TO-03-35	0	0	0
TO-03-36	0	0	0
TO-03-37	1	0	0
TO-03-38	0	0	0
TO-03-39	0	0	0
TO-03-40	0	0	0
TO-03-41	0	1	0
TO-03-42	0	1	0
TO-03-43	0	0	0
TO-03-44	0	0	0
TO-03-45	0	0	0
TO-03-46	0	0	0
TO-03-47	0	0	0
TO-03-49	0	0	0
AG-04-07	0	NA	0
AG-04-13	0	0	0
AG-04-16	0	0	0
AG-04-17	0	0	0
AG-04-24	0	0	0
AG-04-28	0	NA	0
AG-04-30	0	0	0
AG-04-40	0	0	0
AG-04-41	0	0	0
AG-04-46	NA	0	0
AM-04-01	1	NA	NA
AM-04-05	0	0	0
AM-04-06	1	0	0
AM-04-07	1	0	0
AM-04-08	1	0	0
AM-04-09	0	0	0
AM-04-16	0	0	0
AM-04-17	0	0	0
AM-04-19	0	0	0
AR-04-02	0	1	0
AR-04-09	0	0	0
AR-04-18	0	0	0
AR-04-22	0	0	0
AR-04-27	NA	0	0
AR-04-29	0	0	0
AR-04-30	0	0	0
AR-04-35	0	NA	0
AR-04-36	0	1	0
AR-04-38	0	0	0
AR-04-42	0	0	0
AR-04-48	0	0	0
AR-04-49	0	0	0
HO-04-01	0	0	0
HO-04-02	0	0	0
HO-04-04	0	0	0
HO-04-05	NA	0	0
HO-04-07	NA	0	0
HO-04-08	1	0	0
HO-04-09	0	0	0
HO-04-11	1	0	0
HO-04-12	0	0	0
HO-04-13	0	0	0
HO-04-14	1	0	0
HO-04-15	NA	0	0
HO-04-18	0	0	0
HO-04-20	0	0	0
HO-04-21	NA	0	0
HO-04-22	0	0	0
HO-04-23	0	0	0
HO-04-24	0	0	0
HO-04-25	0	0	0
HO-04-26	1	1	1
HO-04-29	0	0	0
HO-04-30	0	0	0
HO-04-32	0	1	0
HO-04-34	NA	0	0
HO-04-35	0	0	0
HO-04-36	1	0	0
HO-04-38	0	0	0
HO-04-39	0	0	0
HO-04-41	NA	0	0
HO-04-42	1	0	0
HO-04-43	0	1	0
HO-04-44	0	1	0
HO-04-45	1	0	0
HO-04-46	0	0	0
JI-04-01	0	0	0
JI-04-02	0	0	0
JI-04-03	0	0	0
JI-04-04	0	0	0
JI-04-05	1	0	0
JI-04-06	1	0	0
JI-04-07	1	0	0
JI-04-08	0	NA	0
JI-04-09	0	0	0
JI-04-10	0	0	0
JI-04-11	NA	0	0
JI-04-12	0	0	0
JI-04-13	0	0	0
JI-04-14	0	0	0
JI-04-15	0	0	0
JI-04-16	0	0	0
JI-04-19	0	0	0
JI-04-20	0	0	0
JI-04-21	1	0	0
JI-04-22	0	0	0
JI-04-23	0	0	0
JI-04-24	0	0	0
JI-04-25	1	0	0
JI-04-26	0	0	0
JI-04-27	0	0	0
JI-04-28	1	0	0
JI-04-29	1	0	0
JI-04-30	0	0	0
JI-04-31	0	0	0
JI-04-32	0	0	0
JI-04-33	0	0	0
JI-04-34	0	0	0
JI-04-35	0	0	0
JI-04-36	0	0	0
JI-04-37	0	0	0
JI-04-38	0	0	0
JI-04-39	0	0	0
JI-04-40	0	0	0
JI-04-41	0	0	0
JI-04-42	0	0	0
JI-04-43	0	0	0
JI-04-44	0	0	0
JI-04-45	0	0	0
JI-04-46	0	0	0
JI-04-47	0	0	0
JI-04-48	0	0	0
JI-04-49	0	0	0
JI-04-50	0	0	0
KAP-04-03	0	0	0
KAP-04-04	0	0	0
KAP-04-17	0	0	0
KAP-04-18	0	NA	0
KAP-04-22	0	0	0
KAP-04-27	0	0	0
KAP-04-28	0	0	0
KAP-04-30	0	0	0
KAP-04-32	0	0	0
KAP-04-37	0	0	0
KAP-04-38	0	0	0
KAP-04-41	0	0	0
KAP-04-43	0	0	0
KAP-04-49	0	0	0
KB-04-01	0	1	0
KB-04-03	0	0	0
KB-04-04	1	0	1
KB-04-05	0	1	0
KB-04-06	0	0	1
KB-04-07	1	0	0
KB-04-08	0	0	0
KB-04-09	0	NA	0
KB-04-10	0	0	0
KB-04-11	0	NA	0
KB-04-13	1	0	0
KB-04-14	0	0	0
KBG-04-09	0	0	0
KBG-04-12	0	0	0
KBG-04-13	0	0	0
KBG-04-16	0	0	0
KBG-04-22	0	NA	0
KBG-04-23	0	0	0
KBG-04-24	0	0	0
KBG-04-29	0	0	0
KBG-04-30	0	0	0
KBG-04-32	0	0	0
KBG-04-49	0	0	0
KBK-04-12	NA	0	0
KBK-04-24	0	0	0
KBK-04-29	0	0	0
KBK-04-38	0	1	0
KN-04-05	0	0	0
KN-04-12	0	0	1
KN-04-15	0	1	0
KN-04-17	0	0	1
KN-04-22	0	0	0
KN-04-24	0	1	0
KN-04-25	0	1	0
KN-04-26	1	NA	NA
KN-04-30	0	1	0
KN-04-32	0	0	0
KN-04-33	0	0	0
KN-04-34	NA	0	0
KN-04-35	1	1	1
KN-04-37	0	1	1
KN-04-38	NA	0	0
KN-04-39	0	0	0
KN-04-40	1	0	0
KN-04-41	1	1	1
KN-04-42	1	0	1
KN-04-43	1	1	1
KN-04-44	0	0	0
KN-04-48	0	0	1
KN-04-50	NA	0	0
KO-04-04	0	NA	0
KO-04-11	0	0	0
KO-04-12	NA	0	0
KO-04-15	0	NA	0
KO-04-16	0	0	0
KO-04-17	NA	0	0
KO-04-21	NA	0	0
KO-04-22	0	0	0
KO-04-23	0	0	0
KO-04-25	0	0	0
KO-04-31	0	0	0
KO-04-32	0	0	0
KO-04-33	0	0	0
KO-04-35	0	0	0
KO-04-37	0	0	0
KO-04-38	0	0	0
KO-04-39	0	NA	0
KO-04-41	1	0	0
KO-04-45	1	0	0
KO-04-46	1	0	0
KO-04-48	0	0	0
KO-04-49	NA	0	0
KS-04-03	0	0	1
KS-04-08	0	0	0
KS-04-09	0	1	1
KS-04-10	0	0	0
KS-04-12	0	0	0
KS-04-15	1	0	1
KS-04-16	NA	0	0
KS-04-17	0	0	0
KS-04-23	0	1	0
KS-04-26	0	1	0
KS-04-27	1	0	1
KS-04-28	0	0	0
KS-04-29	0	0	1
KS-04-33	NA	0	0
KS-04-34	0	0	0
KS-04-35	0	0	0
KS-04-37	0	0	1
KS-04-41	0	0	0
KS-04-43	0	0	1
KS-04-45	0	0	1
KS-04-46	1	NA	NA
KTK-04-02	1	0	0
KTK-04-05	0	0	0
KTK-04-08	0	0	0
KTK-04-10	0	0	0
KTK-04-11	0	0	0
KTK-04-12	0	0	0
KTK-04-13	0	0	0
KTK-04-20	0	0	0
KTK-04-21	NA	0	0
KTK-04-24	0	0	0
KTK-04-25	0	0	0
KTK-04-26	0	0	0
KTK-04-27	0	0	0
KTK-04-29	0	0	0
KTK-04-32	0	0	0
KTK-04-33	0	0	0
KTK-04-36	0	NA	0
KTK-04-38	0	0	0
KTK-04-41	0	0	0
KTK-04-46	0	0	0
KTK-04-49	0	0	0
KTK-04-50	NA	0	0
LA-04-07	0	0	0
LA-04-08	0	0	0
LA-04-09	0	0	0
LA-04-13	0	0	0
LA-04-15	0	0	0
LA-04-18	0	0	0
LA-04-19	0	0	0
LA-04-21	0	0	0
LA-04-22	0	NA	0
LA-04-25	0	0	0
LA-04-27	0	0	0
LA-04-29	0	1	0
LA-04-31	0	0	0
LA-04-33	1	0	0
LA-04-35	0	0	0
LA-04-36	0	0	0
LA-04-37	0	0	0
LA-04-40	0	0	0
LA-04-41	0	0	0
LA-04-45	0	NA	0
MU-04-01	0	1	0
MU-04-02	NA	0	0
MU-04-07	0	0	1
MU-04-08	0	0	0
MU-04-09	0	0	1
MU-04-10	1	0	1
MU-04-13	0	0	1
MU-04-15	0	0	1
MU-04-16	0	1	0
MU-04-17	0	0	0
MU-04-19	0	0	1
MU-04-22	0	0	0
MU-04-25	1	0	0
MU-04-26	1	0	0
MU-04-27	0	0	0
MU-04-31	1	0	0
MU-04-32	0	0	0
MU-04-36	1	0	0
MU-04-37	0	0	0
MU-04-39	1	0	0
MU-04-40	0	0	0
MU-04-41	1	0	0
MU-04-42	1	0	0
TO-04-01	0	0	0
TO-04-04	0	0	0
TO-04-05	1	0	0
TO-04-08	0	0	0
TO-04-15	0	0	0
TO-04-17	0	0	0
TO-04-18	0	0	0
TO-04-19	0	0	0
TO-04-20	0	0	0
TO-04-21	0	0	0
TO-04-22	0	0	0
TO-04-23	0	0	0
TO-04-24	0	0	0
TO-04-25	1	0	0
TO-04-27	0	0	0
TO-04-29	0	0	0
TO-04-30	0	0	0
TO-04-37	0	0	0
TO-04-38	1	0	0
TO-04-41	0	0	0
TO-04-43	0	0	0
TO-04-44	1	0	0
TO-04-45	0	0	0
TO-04-46	0	0	0
TO-04-47	0	0	0
TO-04-48	NA	0	0
AG-05-01	0	0	0
AG-05-02	0	0	0
AG-05-03	0	0	0
AG-05-05	0	0	0
AG-05-07	0	0	0
AG-05-08	0	0	0
AG-05-09	0	0	0
AG-05-10	1	0	0
AG-05-12	0	0	0
AG-05-13	0	0	0
AG-05-15	0	0	0
AG-05-16	0	0	0
AG-05-19	0	0	0
AG-05-22	0	0	0
AG-05-24	0	0	0
AG-05-28	0	0	0
AG-05-30	0	0	0
AG-05-31	0	0	0
AG-05-32	0	0	0
AG-05-33	1	0	0
AG-05-36	0	0	0
AG-05-37	0	0	0
AG-05-38	0	0	0
AG-05-40	0	0	0
AG-05-41	0	0	0
AG-05-43	0	0	0
AG-05-44	0	0	0
AG-05-45	0	0	0
AG-05-46	0	0	0
AG-05-47	0	0	0
AG-05-48	0	0	0
AG-05-49	0	0	0
AG-05-50	0	0	0
AG-05-51	0	0	0
AG-05-53	0	0	0
AG-05-54	0	0	0
AG-05-56	0	0	0
AG-05-58	0	0	0
AG-05-59	0	0	0
AG-05-62	0	0	0
AG-05-65	NA	0	0
AG-05-66	0	0	0
AG-05-67	1	0	0
AG-05-68	NA	0	0
AG-05-71	0	0	0
AG-05-72	0	0	0
AG-05-76	0	0	0
AG-05-81	0	0	0
AG-05-82	NA	0	0
AG-05-85	0	0	0
AG-05-87	0	0	0
AG-05-89	0	NA	0
AG-05-90	0	0	0
AG-05-91	0	0	0
AM-05-01	NA	0	0
AM-05-02	1	0	0
AM-05-03	1	0	0
AM-05-10	0	0	0
AM-05-15	NA	0	0
AM-05-16	1	0	0
AM-05-18	0	0	0
AM-05-19	0	0	0
AM-05-20	0	0	0
AM-05-22	0	0	0
AM-05-24	NA	0	0
AM-05-30	NA	0	0
AM-05-31	NA	0	0
AM-05-34	0	0	0
AM-05-35	0	0	0
AM-05-36	0	NA	0
AM-05-37	0	0	0
AM-05-38	NA	0	0
AM-05-40	0	0	0
AM-05-41	0	0	0
AM-05-43	0	0	0
AM-05-46	0	0	0
AM-05-53	NA	0	0
AM-05-54	0	0	0
AM-05-55	0	0	0
AM-05-59	0	0	0
AM-05-60	0	0	0
AM-05-61	0	0	0
AM-05-62	0	0	0
AM-05-63	0	0	0
AM-05-64	0	0	0
AM-05-65	0	0	0
AM-05-66	0	0	0
AM-05-67	0	0	0
AM-05-68	0	0	0
AM-05-69	1	0	0
AM-05-70	0	0	0
AM-05-71	0	0	0
AM-05-72	0	0	0
AM-05-73	0	0	0
AM-05-74	0	0	0
AM-05-75	0	0	0
AM-05-76	0	0	0
AM-05-77	0	0	0
AM-05-78	0	0	0
AM-05-79	0	0	0
AM-05-80	0	0	0
AM-05-81	0	0	0
AM-05-82	0	0	0
AM-05-83	0	0	0
AM-05-84	0	0	0
AM-05-85	0	0	0
AM-05-86	0	0	0
AR-05-02	0	0	0
AR-05-04	0	0	0
AR-05-07	0	0	0
AR-05-100	0	0	0
AR-05-12	0	0	0
AR-05-13	0	0	0
AR-05-14	0	0	0
AR-05-15	0	0	0
AR-05-18	0	0	0
AR-05-19	0	1	0
AR-05-20	0	0	0
AR-05-21	0	0	0
AR-05-22	0	0	0
AR-05-23	0	0	0
AR-05-26	1	0	1
AR-05-33	0	0	0
AR-05-43	NA	1	NA
AR-05-46	0	0	0
AR-05-51	0	0	0
AR-05-52	0	0	0
AR-05-53	0	0	0
AR-05-54	0	0	0
AR-05-55	0	0	0
AR-05-56	0	NA	0
AR-05-57	0	1	0
AR-05-59	0	1	0
AR-05-60	NA	0	0
AR-05-61	0	1	0
AR-05-62	0	0	0
AR-05-63	0	0	0
AR-05-64	0	0	0
AR-05-65	0	0	0
AR-05-66	0	0	0
AR-05-67	0	0	1
AR-05-68	0	0	0
AR-05-69	0	0	0
AR-05-70	0	0	0
AR-05-73	0	0	0
AR-05-74	0	0	0
AR-05-78	0	0	0
AR-05-80	0	0	0
AR-05-81	0	0	0
AR-05-82	0	0	0
AR-05-83	0	0	0
AR-05-90	0	0	0
AR-05-92	0	0	0
AR-05-93	0	0	0
AR-05-95	0	0	0
AR-05-96	0	0	0
AR-05-97	0	0	0
AR-05-98	1	0	0
HO-05-01	1	0	0
HO-05-02	1	0	0
HO-05-03	1	1	1
HO-05-04	1	0	0
HO-05-05	1	0	0
HO-05-06	1	0	0
HO-05-07	1	1	1
HO-05-08	1	1	1
HO-05-09	1	0	0
HO-05-10	1	0	0
HO-05-100	0	0	0
HO-05-11	0	0	0
HO-05-12	1	1	1
HO-05-13	NA	0	0
HO-05-15	0	1	0
HO-05-16	0	0	0
HO-05-18	0	1	0
HO-05-19	0	0	0
HO-05-20	0	0	0
HO-05-21	0	0	0
HO-05-25	0	0	0
HO-05-28	0	0	0
HO-05-29	1	0	0
HO-05-31	1	0	0
HO-05-36	1	0	0
HO-05-37	0	0	0
HO-05-38	0	0	0
HO-05-39	0	0	0
HO-05-40	1	0	0
HO-05-41	1	0	0
HO-05-42	1	1	1
HO-05-43	0	0	0
HO-05-44	0	0	0
HO-05-45	0	0	0
HO-05-46	0	0	0
HO-05-47	0	0	0
HO-05-48	0	0	0
HO-05-49	0	0	0
HO-05-50	0	0	0
HO-05-51	0	0	0
HO-05-52	0	0	0
HO-05-53	0	0	0
HO-05-55	0	1	0
HO-05-56	0	NA	0
HO-05-60	0	NA	0
HO-05-61	NA	0	0
HO-05-62	0	0	0
HO-05-63	0	0	0
HO-05-64	0	0	0
HO-05-65	NA	0	0
HO-05-66	0	0	0
HO-05-67	0	0	0
HO-05-68	0	0	0
HO-05-69	0	0	0
HO-05-70	0	0	0
HO-05-71	0	0	0
HO-05-72	0	0	0
HO-05-73	0	0	0
HO-05-74	0	0	0
HO-05-75	0	0	0
HO-05-76	0	0	0
HO-05-77	0	0	0
HO-05-78	0	0	0
HO-05-79	0	0	0
HO-05-80	0	0	0
HO-05-81	0	0	0
HO-05-82	0	0	0
HO-05-83	0	0	0
HO-05-84	0	0	0
HO-05-85	0	0	0
HO-05-86	0	0	0
HO-05-87	0	0	0
HO-05-88	0	0	0
HO-05-89	0	0	0
HO-05-90	0	0	0
HO-05-91	0	0	0
HO-05-92	0	0	0
HO-05-93	0	0	0
HO-05-94	0	0	0
HO-05-95	0	0	0
HO-05-96	0	0	0
HO-05-97	0	0	0
HO-05-98	0	0	0
JI-05-01	0	0	0
JI-05-02	0	1	0
JI-05-03	1	0	0
JI-05-04	0	0	0
JI-05-05	0	0	0
JI-05-06	1	0	0
JI-05-07	0	NA	0
JI-05-08	1	0	0
JI-05-09	0	1	0
JI-05-10	0	0	0
JI-05-11	0	0	0
JI-05-12	0	0	0
JI-05-13	NA	0	0
JI-05-14	0	NA	0
JI-05-15	0	1	0
JI-05-16	1	0	0
JI-05-17	0	0	0
JI-05-18	0	0	0
JI-05-19	0	0	0
JI-05-20	0	0	0
JI-05-22	1	NA	NA
JI-05-24	1	NA	NA
JI-05-25	1	NA	NA
JI-05-26	1	NA	NA
JI-05-27	1	NA	NA
JI-05-28	1	NA	NA
JI-05-29	1	NA	NA
JI-05-30	1	NA	NA
JI-05-31	1	NA	NA
JI-05-32	1	NA	NA
JI-05-33	1	NA	NA
JI-05-34	1	NA	NA
JI-05-35	1	NA	NA
JI-05-36	1	NA	NA
JI-05-37	1	NA	NA
JI-05-38	1	NA	NA
JI-05-39	1	NA	NA
JI-05-40	1	NA	NA
JI-05-41	1	NA	NA
JI-05-42	1	NA	NA
JI-05-43	1	NA	NA
JI-05-44	1	NA	NA
JI-05-45	1	NA	NA
JI-05-46	1	NA	NA
JI-05-47	1	NA	NA
JI-05-49	1	NA	NA
JI-05-50	1	NA	NA
JI-05-51	1	NA	NA
JI-05-52	1	NA	NA
JI-05-53	1	NA	NA
JI-05-54	1	NA	NA
JI-05-55	1	NA	NA
JI-05-56	1	NA	NA
JI-05-57	1	NA	NA
JI-05-58	1	NA	NA
JI-05-59	1	NA	NA
JI-05-60	1	NA	NA
JI-05-61	1	NA	NA
JI-05-63	1	NA	NA
JI-05-64	1	NA	NA
JI-05-65	1	NA	NA
JI-05-66	1	NA	NA
JI-05-67	0	1	0
JI-05-69	1	0	0
JI-05-70	0	1	0
JI-05-71	0	0	0
JI-05-72	0	0	0
JI-05-73	0	0	0
JI-05-74	0	0	0
JI-05-75	0	0	0
JI-05-76	0	1	0
JI-05-77	0	1	0
JI-05-78	0	0	0
JI-05-79	0	1	0
JI-05-80	NA	0	0
JI-05-81	0	0	0
JI-05-82	0	0	0
JI-05-83	0	0	0
JI-05-84	0	0	0
JI-05-85	0	0	0
JI-05-86	0	0	0
JI-05-87	0	0	0
JI-05-88	0	0	0
JI-05-89	0	0	0
JI-05-90	0	0	0
JI-05-91	0	0	0
JI-05-92	1	0	0
JI-05-93	0	0	0
JI-05-94	0	0	0
JI-05-96	1	0	0
JI-05-97	1	NA	NA
JI-05-99	0	0	0
KB-05-01	1	0	0
KB-05-02	0	0	0
KB-05-03	0	0	1
KB-05-04	0	0	0
KB-05-05	0	0	0
KB-05-06	0	0	0
KB-05-09	0	0	0
KB-05-10	0	0	0
KB-05-11	0	0	0
KB-05-12	NA	0	0
KB-05-14	0	1	0
KB-05-16	0	0	0
KB-05-17	1	0	0
KB-05-18	0	0	0
KB-05-19	1	0	0
KB-05-20	NA	1	NA
KB-05-21	0	1	0
KB-05-22	0	1	0
KB-05-24	NA	0	0
KB-05-25	NA	1	NA
KB-05-26	0	1	0
KB-05-29	1	0	0
KB-05-30	0	NA	0
KB-05-32	0	0	0
KB-05-33	0	0	0
KB-05-34	1	0	0
KB-05-35	1	1	1
KB-05-37	0	0	1
KB-05-39	NA	1	NA
KB-05-40	0	0	0
KB-05-41	0	0	1
KB-05-42	0	0	1
KB-05-44	NA	1	NA
KB-05-45	0	1	0
KBG-05-02	0	0	0
KBG-05-04	0	0	0
KBG-05-06	0	0	0
KBG-05-08	0	0	0
KBG-05-09	0	0	0
KBG-05-13	0	0	0
KBG-05-14	0	0	0
KBG-05-15	NA	0	0
KBG-05-16	0	0	0
KBG-05-17	0	0	0
KBG-05-20	0	0	0
KBG-05-23	0	0	0
KBG-05-26	0	0	0
KBG-05-28	0	0	0
KBG-05-30	NA	0	0
KBG-05-31	0	0	0
KBG-05-34	0	0	0
KBG-05-37	NA	0	0
KBG-05-38	0	0	0
KBG-05-41	0	0	0
KBG-05-45	0	0	0
KBG-05-46	0	0	0
KBG-05-47	0	0	0
KBG-05-49	0	0	0
KBG-05-50	0	0	0
KBG-05-51	0	0	0
KBG-05-55	0	0	0
KBG-05-60	NA	0	0
KBG-05-65	0	0	0
KBG-05-66	0	0	0
KBG-05-68	0	0	0
KBG-05-71	0	0	0
KBG-05-73	0	0	0
KBG-05-74	0	0	0
KBG-05-75	0	0	0
KBG-05-77	0	0	0
KBG-05-81	0	0	0
KBG-05-84	0	0	0
KBG-05-86	0	0	0
KBG-05-88	0	0	0
KBG-05-91	0	0	0
KBG-05-93	0	0	0
KBG-05-95	0	0	0
KBG-05-97	0	0	0
KBK-05-03	0	0	0
KBK-05-04	NA	0	0
KBK-05-05	NA	1	NA
KBK-05-06	0	0	0
KBK-05-08	NA	0	0
KBK-05-10	NA	1	NA
KBK-05-11	0	0	0
KBK-05-16	0	0	0
KBK-05-21	0	0	0
KBK-05-23	NA	0	0
KBK-05-26	0	0	0
KBK-05-27	0	0	0
KBK-05-28	0	0	0
KBK-05-29	0	0	0
KBK-05-30	0	1	0
KBK-05-31	0	1	0
KBK-05-32	0	0	0
KBK-05-34	0	0	0
KBK-05-36	0	0	0
KBK-05-40	0	0	0
KBK-05-42	0	0	0
KBK-05-47	0	0	0
KBK-05-51	0	0	0
KBK-05-59	0	0	0
KBK-05-61	0	1	0
KBK-05-63	0	0	0
KBK-05-65	0	NA	0
KBK-05-68	NA	0	0
KBK-05-69	0	0	0
KBK-05-71	0	0	0
KBK-05-72	0	0	0
KBK-05-75	0	0	0
KBK-05-76	0	0	0
KBK-05-77	0	NA	0
KBK-05-78	NA	0	0
KBK-05-79	0	1	0
KBK-05-81	0	0	0
KBK-05-82	0	0	0
KBK-05-84	0	0	0
KBK-05-87	0	0	0
KBK-05-93	0	0	0
KBK-05-94	0	0	0
KBK-05-96	0	0	0
KBK-05-97	0	0	0
KBK-05-98	0	0	0
KN-05-02	0	0	0
KN-05-03	0	0	0
KN-05-04	NA	0	0
KN-05-05	1	0	0
KN-05-06	0	1	0
KN-05-07	1	0	0
KN-05-08	1	0	0
KN-05-09	0	0	0
KN-05-10	0	0	0
KN-05-100	0	0	0
KN-05-11	0	0	0
KN-05-12	0	1	0
KN-05-15	1	0	0
KN-05-16	1	0	0
KN-05-17	0	1	0
KN-05-18	0	1	0
KN-05-19	0	1	0
KN-05-21	0	1	0
KN-05-22	0	0	0
KN-05-23	1	0	0
KN-05-24	0	1	0
KN-05-25	1	0	0
KN-05-26	0	0	0
KN-05-27	0	0	0
KN-05-28	1	0	0
KN-05-29	0	0	1
KN-05-30	0	0	1
KN-05-32	0	0	0
KN-05-33	0	1	0
KN-05-34	0	1	0
KN-05-35	0	0	0
KN-05-36	0	1	0
KN-05-39	1	0	0
KN-05-40	1	0	1
KN-05-41	0	1	0
KN-05-42	0	0	0
KN-05-43	0	0	1
KN-05-44	1	0	0
KN-05-46	0	0	0
KN-05-47	0	1	0
KN-05-48	0	0	0
KN-05-49	1	0	0
KN-05-51	0	0	0
KN-05-52	1	0	0
KN-05-53	0	1	0
KN-05-55	0	0	0
KN-05-56	1	0	0
KN-05-57	0	1	0
KN-05-61	1	0	0
KN-05-62	1	0	0
KN-05-63	0	1	0
KN-05-64	1	0	0
KN-05-65	0	0	1
KN-05-66	0	0	0
KN-05-67	1	0	0
KN-05-68	NA	1	NA
KN-05-69	1	0	0
KN-05-70	0	0	1
KN-05-71	1	0	0
KN-05-72	0	1	0
KN-05-73	1	0	0
KN-05-74	1	0	0
KN-05-75	0	1	0
KN-05-76	0	0	1
KN-05-77	1	0	0
KN-05-78	0	1	0
KN-05-79	0	0	0
KN-05-81	1	0	0
KN-05-83	0	0	0
KN-05-84	0	0	1
KN-05-85	0	0	0
KN-05-86	0	0	1
KN-05-87	0	0	0
KN-05-89	NA	0	0
KN-05-90	0	0	1
KN-05-91	0	0	0
KN-05-92	1	0	0
KN-05-93	1	1	1
KN-05-95	0	0	1
KN-05-97	1	0	0
KN-05-99	1	0	0
KO-05-01	0	0	0
KO-05-03	0	0	0
KO-05-04	0	0	0
KO-05-05	1	0	0
KO-05-06	0	0	0
KO-05-08	0	0	0
KO-05-09	0	0	0
KO-05-10	0	0	0
KO-05-12	0	0	0
KO-05-13	0	0	0
KO-05-14	0	0	0
KO-05-15	0	0	0
KO-05-16	1	0	0
KO-05-17	NA	0	0
KO-05-18	0	0	0
KO-05-19	0	0	0
KO-05-20	0	0	0
KO-05-21	0	0	0
KO-05-24	0	0	0
KO-05-25	0	0	0
KO-05-27	NA	0	0
KO-05-29	0	0	0
KO-05-32	NA	0	0
KO-05-33	1	0	1
KO-05-34	NA	0	0
KO-05-35	0	0	0
KO-05-36	0	0	0
KO-05-37	0	0	0
KO-05-39	0	0	0
KO-05-40	1	0	0
KO-05-45	0	0	0
KO-05-46	0	0	0
KO-05-48	NA	0	0
KO-05-50	0	0	0
KO-05-53	0	0	0
KO-05-56	1	0	0
KO-05-57	0	0	0
KO-05-59	0	0	0
KO-05-60	1	0	0
KO-05-61	0	0	0
KO-05-62	0	0	0
KO-05-64	0	0	0
KO-05-65	0	0	0
KO-05-67	0	0	0
KO-05-68	0	0	0
KO-05-70	0	0	0
KO-05-73	NA	0	0
KO-05-75	0	0	0
KO-05-76	0	0	0
KO-05-78	0	0	0
KO-05-80	NA	0	0
KO-05-81	0	0	0
KO-05-82	0	0	0
KO-05-83	0	0	0
KO-05-84	0	0	0
KO-05-86	0	0	0
KO-05-87	0	0	0
KO-05-88	0	0	0
KO-05-90	0	0	0
KO-05-91	0	0	0
KO-05-94	0	0	0
KO-05-95	0	0	0
KO-05-96	0	0	0
KO-05-98	0	0	0
KO-05-99	0	0	0
KS-05-01	0	0	0
KS-05-02	0	0	0
KS-05-03	0	0	0
KS-05-04	0	0	0
KS-05-05	0	0	0
KS-05-06	0	0	0
KS-05-07	0	0	0
KS-05-08	0	1	1
KS-05-09	1	1	1
KS-05-10	0	NA	0
KS-05-100	0	1	0
KS-05-11	0	0	1
KS-05-12	0	1	1
KS-05-13	0	0	1
KS-05-14	1	1	1
KS-05-15	0	1	0
KS-05-16	1	1	1
KS-05-17	0	0	0
KS-05-18	1	1	1
KS-05-20	0	0	1
KS-05-23	0	1	0
KS-05-25	0	0	1
KS-05-26	0	0	0
KS-05-27	1	0	0
KS-05-28	0	0	1
KS-05-29	NA	1	NA
KS-05-30	0	1	0
KS-05-31	0	0	1
KS-05-33	1	0	0
KS-05-34	0	0	0
KS-05-38	0	0	1
KS-05-39	1	1	1
KS-05-41	0	0	1
KS-05-43	0	0	0
KS-05-44	1	1	1
KS-05-45	1	0	0
KS-05-46	0	0	0
KS-05-47	1	0	0
KS-05-48	1	0	0
KS-05-49	0	0	0
KS-05-50	1	0	0
KS-05-51	0	1	0
KS-05-53	0	0	0
KS-05-54	0	0	0
KS-05-55	1	0	0
KS-05-56	0	1	0
KS-05-57	0	0	0
KS-05-58	0	1	0
KS-05-59	0	0	1
KS-05-61	0	0	0
KS-05-62	0	0	0
KS-05-64	0	0	0
KS-05-65	1	1	1
KS-05-67	0	0	1
KS-05-69	1	0	0
KS-05-70	0	0	0
KS-05-72	1	0	0
KS-05-73	1	0	0
KS-05-74	0	0	1
KS-05-76	0	0	0
KS-05-78	0	1	0
KS-05-79	0	0	0
KS-05-80	1	0	0
KS-05-82	0	0	0
KS-05-85	0	1	0
KS-05-88	0	1	0
KS-05-91	0	0	1
KS-05-92	0	0	1
KS-05-93	NA	0	0
KS-05-94	1	0	0
KS-05-95	0	0	1
KS-05-96	0	1	0
KS-05-97	NA	0	0
KS-05-98	0	1	0
KTK-05-01	0	0	0
KTK-05-02	0	0	0
KTK-05-03	0	0	0
KTK-05-04	0	0	0
KTK-05-05	0	NA	0
KTK-05-06	0	0	0
KTK-05-07	0	0	0
KTK-05-09	0	0	0
KTK-05-10	NA	0	0
KTK-05-100	0	0	0
KTK-05-14	0	0	0
KTK-05-16	0	0	0
KTK-05-17	0	0	0
KTK-05-18	0	0	0
KTK-05-20	0	0	0
KTK-05-21	0	0	0
KTK-05-22	0	0	0
KTK-05-24	0	0	0
KTK-05-25	0	0	0
KTK-05-27	0	0	0
KTK-05-28	0	0	0
KTK-05-30	0	0	0
KTK-05-31	0	0	0
KTK-05-43	0	0	0
KTK-05-44	0	0	0
KTK-05-45	NA	0	0
KTK-05-47	0	0	0
KTK-05-48	0	0	0
KTK-05-49	0	0	0
KTK-05-53	0	0	0
KTK-05-54	0	0	0
KTK-05-55	NA	0	0
KTK-05-56	0	0	0
KTK-05-59	0	0	0
KTK-05-62	0	0	0
KTK-05-63	0	NA	0
KTK-05-65	0	0	0
KTK-05-66	0	0	0
KTK-05-67	0	0	0
KTK-05-68	0	0	0
KTK-05-74	NA	0	0
KTK-05-78	0	0	0
KTK-05-79	0	0	0
KTK-05-80	NA	0	0
KTK-05-83	0	0	0
KTK-05-85	0	0	0
KTK-05-86	0	NA	0
KTK-05-89	0	0	0
KTK-05-90	NA	0	0
KTK-05-92	NA	0	0
KTK-05-96	0	0	0
KTK-05-97	0	0	0
KTK-05-98	0	0	0
KTK-05-99	0	0	0
LA-05-02	0	0	0
LA-05-03	0	0	0
LA-05-05	0	0	0
LA-05-07	0	0	0
LA-05-08	0	0	0
LA-05-10	0	0	0
LA-05-100	0	0	0
LA-05-16	0	0	0
LA-05-17	NA	0	0
LA-05-20	0	0	0
LA-05-22	0	0	0
LA-05-23	0	0	0
LA-05-24	1	0	0
LA-05-26	0	0	0
LA-05-28	0	0	0
LA-05-30	0	0	0
LA-05-31	0	0	0
LA-05-32	0	0	0
LA-05-35	0	1	0
LA-05-36	0	0	0
LA-05-37	0	1	0
LA-05-39	0	0	0
LA-05-40	0	0	0
LA-05-41	0	0	0
LA-05-43	0	0	0
LA-05-44	0	0	0
LA-05-45	0	0	0
LA-05-46	0	0	0
LA-05-47	0	0	0
LA-05-52	0	0	0
LA-05-54	0	0	0
LA-05-55	0	0	0
LA-05-58	0	0	0
LA-05-59	0	0	0
LA-05-61	0	1	0
LA-05-63	0	0	0
LA-05-66	0	0	0
LA-05-67	0	0	0
LA-05-68	0	0	0
LA-05-69	0	0	0
LA-05-70	0	0	0
LA-05-72	0	0	0
LA-05-73	0	0	0
LA-05-74	0	0	0
LA-05-75	0	0	0
LA-05-77	0	0	0
LA-05-78	0	NA	0
LA-05-79	0	0	0
LA-05-80	0	0	0
LA-05-81	0	0	0
LA-05-83	0	0	0
LA-05-84	0	0	0
LA-05-85	0	0	0
LA-05-86	0	0	0
LA-05-87	NA	0	0
LA-05-89	1	0	0
LA-05-92	NA	0	0
LA-05-94	1	0	0
LA-05-95	0	0	0
LA-05-96	0	0	0
LA-05-97	0	0	0
LA-05-99	0	0	0
MU-05-05	0	1	0
MU-05-09	NA	0	0
MU-05-10	1	0	0
MU-05-100	1	0	1
MU-05-13	0	0	0
MU-05-14	1	0	0
MU-05-15	0	0	0
MU-05-16	NA	0	0
MU-05-17	0	1	0
MU-05-21	1	0	0
MU-05-22	0	1	0
MU-05-27	1	0	0
MU-05-31	NA	1	NA
MU-05-43	0	0	1
MU-05-44	NA	0	0
MU-05-46	0	1	0
MU-05-51	0	1	0
MU-05-52	1	0	0
MU-05-56	0	0	0
MU-05-61	0	0	0
MU-05-62	0	0	0
MU-05-63	0	1	0
MU-05-65	NA	0	0
MU-05-69	NA	0	0
MU-05-72	NA	1	NA
MU-05-77	NA	0	0
MU-05-82	1	1	1
MU-05-83	NA	0	0
MU-05-84	0	1	0
MU-05-88	1	1	1
MU-05-97	0	0	1
MU-05-98	1	0	0
TO-05-02	0	0	0
TO-05-03	NA	0	0
TO-05-06	1	0	0
TO-05-07	0	0	0
TO-05-08	0	0	0
TO-05-09	0	0	0
TO-05-11	0	0	0
TO-05-15	0	0	0
TO-05-16	NA	0	0
TO-05-17	NA	0	0
TO-05-19	0	0	0
TO-05-20	1	0	0
TO-05-21	0	0	0
TO-05-22	0	0	0
TO-05-23	0	0	0
TO-05-25	0	0	0
TO-05-26	0	0	0
TO-05-27	0	0	0
TO-05-28	0	0	0
TO-05-29	1	0	0
TO-05-30	0	0	0
TO-05-31	NA	0	0
TO-05-34	1	0	0
TO-05-35	0	0	0
TO-05-36	0	0	0
TO-05-37	0	0	0
TO-05-38	0	0	0
TO-05-39	0	0	0
TO-05-40	0	0	0
TO-05-41	0	1	0
TO-05-43	0	0	0
TO-05-44	0	0	0
TO-05-45	1	0	0
AG-06-01	NA	0	0
AG-06-02	0	0	0
AG-06-03	NA	0	0
AG-06-05	NA	0	0
AG-06-06	0	0	0
AG-06-07	0	0	0
AG-06-09	NA	0	0
AG-06-10	NA	0	0
AG-06-15	0	0	0
AG-06-17	0	0	0
AG-06-18	0	0	0
AG-06-19	0	0	0
AG-06-20	0	0	0
AG-06-22	0	0	0
AG-06-26	0	0	0
AG-06-27	0	0	0
AG-06-29	NA	0	0
AG-06-30	0	0	0
AG-06-31	0	0	0
AG-06-32	0	0	0
AG-06-33	0	0	0
AG-06-34	0	0	0
AG-06-35	NA	0	0
AG-06-36	0	0	0
AG-06-37	NA	0	0
AG-06-38	0	0	0
AG-06-39	NA	0	0
AG-06-40	0	0	0
AG-06-46	0	0	0
AG-06-47	0	0	0
AG-06-48	0	0	0
AG-06-49	0	0	0
AG-06-51	NA	0	0
AG-06-52	NA	0	0
AG-06-53	NA	0	0
AG-06-55	0	0	0
AG-06-57	NA	0	0
AG-06-60	0	0	0
AG-06-62	0	0	0
AG-06-63	0	0	0
AG-06-64	0	0	0
AG-06-66	0	0	0
AG-06-67	0	0	0
AG-06-69	NA	0	0
AG-06-71	NA	0	0
AG-06-73	0	0	0
AG-06-74	0	0	0
AG-06-76	0	0	0
AG-06-77	0	0	0
AG-06-78	0	0	0
AG-06-80	0	0	0
AG-06-81	0	0	0
AG-06-82	0	0	0
AG-06-85	0	0	0
AG-06-86	0	0	0
AG-06-87	0	0	0
AG-06-90	NA	0	0
AG-06-91	NA	0	0
AG-06-94	0	0	0
AG-06-95	NA	0	0
AG-06-96	0	0	0
AG-06-97	NA	0	0
AG-06-98	0	0	0
AM-06-02	NA	0	0
AM-06-03	0	0	0
AM-06-06	0	0	0
AM-06-09	NA	0	0
AM-06-10	NA	0	0
AM-06-12	0	0	0
AM-06-14	1	0	0
AM-06-16	0	0	0
AM-06-17	1	0	0
AM-06-18	NA	0	0
AM-06-20	NA	0	0
AM-06-21	NA	0	0
AM-06-22	NA	0	0
AM-06-23	NA	0	0
AM-06-25	1	0	0
AM-06-27	0	0	0
AM-06-29	0	0	0
AM-06-30	0	0	0
AM-06-31	NA	0	0
AM-06-32	NA	0	0
AM-06-33	0	0	0
AM-06-34	NA	0	0
AM-06-35	NA	0	0
AM-06-36	0	0	0
AM-06-37	0	0	0
AM-06-38	0	0	0
AM-06-39	0	0	0
AM-06-40	0	0	0
AM-06-41	0	0	0
AM-06-42	0	0	0
AM-06-43	0	0	0
AM-06-44	0	0	0
AM-06-45	NA	0	0
AM-06-46	NA	0	0
AM-06-47	NA	0	0
AM-06-48	0	0	0
AM-06-49	0	0	0
AM-06-50	0	0	0
AM-06-51	0	0	0
AM-06-52	0	0	0
AM-06-53	0	0	0
AM-06-54	NA	0	0
AM-06-55	0	0	0
AM-06-56	NA	0	0
AM-06-57	NA	0	0
AM-06-58	NA	0	0
AM-06-59	NA	0	0
AM-06-60	0	0	0
AM-06-61	0	0	0
AM-06-62	0	0	0
AM-06-63	0	0	0
AM-06-64	0	0	0
AM-06-65	0	0	0
AM-06-66	0	0	0
AM-06-67	0	0	0
AM-06-68	NA	0	0
AM-06-69	NA	0	0
AM-06-97	NA	0	0
AR-06-02	0	1	0
AR-06-03	0	0	0
AR-06-04	0	0	0
AR-06-05	0	0	0
AR-06-06	0	0	0
AR-06-07	0	0	0
AR-06-08	NA	1	NA
AR-06-10	0	0	0
AR-06-100	0	0	0
AR-06-12	0	0	0
AR-06-13	0	0	0
AR-06-15	0	0	0
AR-06-16	0	0	0
AR-06-17	0	0	0
AR-06-18	0	0	0
AR-06-19	0	0	0
AR-06-20	NA	0	0
AR-06-21	0	0	1
AR-06-22	0	0	0
AR-06-23	NA	0	0
AR-06-24	0	0	0
AR-06-26	0	0	0
AR-06-28	0	0	0
AR-06-30	0	0	0
AR-06-31	0	0	0
AR-06-32	0	0	0
AR-06-34	NA	0	0
AR-06-36	0	0	0
AR-06-37	0	0	0
AR-06-40	0	1	0
AR-06-41	0	0	0
AR-06-42	1	1	1
AR-06-43	0	0	0
AR-06-44	0	0	0
AR-06-45	0	0	0
AR-06-46	NA	0	0
AR-06-48	0	0	0
AR-06-49	0	0	0
AR-06-56	0	1	0
AR-06-57	0	0	0
AR-06-58	0	0	0
AR-06-60	0	1	0
AR-06-61	0	0	0
AR-06-63	NA	0	0
AR-06-64	0	0	0
AR-06-65	NA	0	0
AR-06-66	1	1	1
AR-06-68	0	0	0
AR-06-69	0	0	0
AR-06-70	0	0	0
AR-06-71	NA	0	0
AR-06-75	0	0	0
AR-06-76	NA	1	NA
AR-06-77	0	0	0
AR-06-78	NA	0	0
AR-06-79	NA	0	0
AR-06-80	NA	1	NA
AR-06-81	0	0	0
AR-06-82	0	0	0
AR-06-83	1	1	1
AR-06-84	0	1	0
AR-06-85	NA	0	0
AR-06-86	0	1	0
AR-06-87	NA	0	0
AR-06-88	0	0	0
AR-06-89	0	0	0
AR-06-92	NA	1	NA
AR-06-93	0	0	0
AR-06-94	0	0	0
AR-06-95	0	1	0
AR-06-96	0	0	0
AR-06-97	0	0	0
AR-06-98	0	0	0
AR-06-99	0	0	0
HO-06-01	NA	0	0
HO-06-02	0	0	0
HO-06-03	0	0	0
HO-06-04	0	0	0
HO-06-06	0	0	0
HO-06-07	0	1	0
HO-06-08	0	1	0
HO-06-09	NA	0	0
HO-06-10	NA	0	0
HO-06-100	0	1	0
HO-06-11	NA	0	0
HO-06-12	0	0	0
HO-06-13	0	0	0
HO-06-14	0	0	0
HO-06-15	0	0	0
HO-06-16	0	0	0
HO-06-17	0	0	0
HO-06-18	0	0	0
HO-06-19	0	0	0
HO-06-20	0	0	0
HO-06-21	0	0	0
HO-06-22	NA	0	0
HO-06-23	0	0	0
HO-06-24	0	0	0
HO-06-25	NA	0	0
HO-06-26	1	0	0
HO-06-27	1	0	0
HO-06-28	0	0	0
HO-06-29	0	0	0
HO-06-30	0	0	0
HO-06-31	NA	0	0
HO-06-32	0	0	0
HO-06-33	0	0	0
HO-06-34	NA	0	0
HO-06-35	NA	0	0
HO-06-36	NA	0	0
HO-06-37	0	0	0
HO-06-38	0	0	0
HO-06-39	NA	1	NA
HO-06-42	NA	1	NA
HO-06-44	NA	1	NA
HO-06-45	0	0	0
HO-06-47	NA	1	NA
HO-06-49	NA	1	NA
HO-06-50	NA	1	NA
HO-06-51	0	0	0
HO-06-52	NA	1	NA
HO-06-53	NA	1	NA
HO-06-54	NA	0	0
HO-06-55	NA	0	0
HO-06-56	NA	0	0
HO-06-57	0	0	0
HO-06-58	0	0	0
HO-06-59	1	0	0
HO-06-60	NA	0	0
HO-06-61	NA	0	0
HO-06-62	0	0	0
HO-06-64	0	0	0
HO-06-65	NA	1	NA
HO-06-66	NA	0	0
HO-06-67	0	0	0
HO-06-68	NA	0	0
HO-06-69	NA	0	0
HO-06-70	NA	0	0
HO-06-71	NA	0	0
HO-06-72	0	0	0
HO-06-73	NA	0	0
HO-06-74	NA	1	NA
HO-06-75	NA	0	0
HO-06-76	NA	0	0
HO-06-77	0	0	0
HO-06-79	0	0	0
HO-06-80	NA	1	NA
HO-06-81	0	0	0
HO-06-82	NA	0	0
HO-06-83	0	1	0
HO-06-84	1	0	0
HO-06-85	0	0	0
HO-06-86	NA	0	0
HO-06-87	0	0	0
HO-06-88	1	0	0
HO-06-89	NA	0	0
HO-06-90	0	0	0
HO-06-91	NA	1	NA
HO-06-92	0	0	0
HO-06-93	NA	0	0
HO-06-94	0	0	0
HO-06-95	0	0	0
HO-06-96	0	1	0
HO-06-97	0	1	0
HO-06-98	0	1	0
HO-06-99	0	1	0
JI-06-01	0	0	0
JI-06-02	0	0	0
JI-06-03	0	0	0
JI-06-05	0	0	0
JI-06-06	0	0	0
JI-06-07	0	0	0
JI-06-08	0	0	0
JI-06-09	NA	0	0
JI-06-10	0	0	0
JI-06-100	0	0	0
JI-06-11	0	0	0
JI-06-12	0	0	0
JI-06-13	0	0	0
JI-06-14	0	0	0
JI-06-15	0	0	0
JI-06-16	0	0	0
JI-06-17	0	0	0
JI-06-18	0	0	0
JI-06-19	0	0	0
JI-06-20	0	0	0
JI-06-21	NA	0	0
JI-06-22	NA	0	0
JI-06-23	0	0	0
JI-06-24	0	0	0
JI-06-25	0	0	0
JI-06-26	0	0	0
JI-06-27	0	0	0
JI-06-28	0	0	0
JI-06-29	0	0	0
JI-06-30	0	0	0
JI-06-31	NA	0	0
JI-06-32	1	1	1
JI-06-34	0	0	0
JI-06-35	0	0	0
JI-06-36	0	0	0
JI-06-37	0	0	0
JI-06-38	0	0	0
JI-06-39	0	0	0
JI-06-40	0	0	0
JI-06-41	0	0	0
JI-06-42	NA	0	0
JI-06-43	0	0	0
JI-06-44	NA	0	0
JI-06-45	NA	0	0
JI-06-46	NA	0	0
JI-06-47	0	0	0
JI-06-48	0	0	0
JI-06-49	0	0	0
JI-06-50	0	0	0
JI-06-51	0	0	0
JI-06-52	0	0	0
JI-06-53	0	0	0
JI-06-54	0	0	0
JI-06-55	0	0	0
JI-06-56	0	0	0
JI-06-57	0	0	0
JI-06-58	0	0	0
JI-06-59	0	0	0
JI-06-60	0	0	0
JI-06-61	0	0	0
JI-06-62	0	0	0
JI-06-63	0	0	0
JI-06-64	NA	0	0
JI-06-65	NA	0	0
JI-06-67	0	0	0
JI-06-69	NA	0	0
JI-06-70	0	0	0
JI-06-71	0	0	0
JI-06-72	0	0	0
JI-06-73	0	0	0
JI-06-74	NA	0	0
JI-06-75	0	0	0
JI-06-76	0	0	0
JI-06-77	0	0	0
JI-06-78	NA	0	0
JI-06-79	0	0	0
JI-06-80	0	0	0
JI-06-82	0	0	0
JI-06-83	NA	0	0
JI-06-84	0	0	0
JI-06-85	0	0	0
JI-06-86	0	0	0
JI-06-87	0	0	0
JI-06-88	0	0	0
JI-06-89	0	0	0
JI-06-90	0	0	0
JI-06-91	0	0	0
JI-06-92	0	0	0
JI-06-93	NA	0	0
JI-06-94	0	0	0
JI-06-95	0	0	0
JI-06-96	0	0	0
JI-06-97	0	0	0
JI-06-98	0	0	0
JI-06-99	0	0	0
KAP-06-02	NA	0	0
KAP-06-04	0	0	0
KAP-06-05	NA	0	0
KAP-06-07	NA	0	0
KAP-06-09	NA	0	0
KAP-06-10	NA	0	0
KAP-06-100	0	0	0
KAP-06-12	NA	0	0
KAP-06-13	NA	0	0
KAP-06-14	NA	0	0
KAP-06-15	NA	0	0
KAP-06-16	NA	0	0
KAP-06-17	NA	0	0
KAP-06-18	NA	0	0
KAP-06-19	NA	0	0
KAP-06-21	NA	0	0
KAP-06-22	NA	0	0
KAP-06-23	NA	0	0
KAP-06-24	0	0	0
KAP-06-25	NA	0	0
KAP-06-26	NA	0	0
KAP-06-27	0	0	0
KAP-06-28	NA	0	0
KAP-06-29	NA	0	0
KAP-06-30	NA	0	0
KAP-06-31	NA	0	0
KAP-06-32	NA	0	0
KAP-06-33	NA	0	0
KAP-06-34	NA	0	0
KAP-06-35	0	0	0
KAP-06-36	0	0	0
KAP-06-37	NA	0	0
KAP-06-38	NA	0	0
KAP-06-40	NA	0	0
KAP-06-41	0	0	0
KAP-06-42	NA	0	0
KAP-06-43	NA	0	0
KAP-06-44	0	0	0
KAP-06-45	0	0	0
KAP-06-46	NA	0	0
KAP-06-47	NA	0	0
KAP-06-48	0	0	0
KAP-06-49	NA	0	0
KAP-06-50	NA	0	0
KAP-06-51	NA	0	0
KAP-06-52	NA	0	0
KAP-06-53	NA	0	0
KAP-06-54	0	0	0
KAP-06-55	0	0	0
KAP-06-56	NA	0	0
KAP-06-57	0	0	0
KAP-06-58	NA	0	0
KAP-06-59	NA	0	0
KAP-06-60	0	0	0
KAP-06-62	0	0	0
KAP-06-63	0	0	0
KAP-06-64	0	0	0
KAP-06-65	0	0	0
KAP-06-66	0	0	0
KAP-06-67	0	0	0
KAP-06-68	0	0	0
KAP-06-69	0	0	0
KAP-06-70	NA	0	0
KAP-06-71	NA	0	0
KAP-06-72	0	0	0
KAP-06-74	NA	0	0
KAP-06-75	NA	0	0
KAP-06-76	0	0	0
KAP-06-79	NA	0	0
KAP-06-80	0	0	0
KAP-06-81	NA	0	0
KAP-06-82	0	0	0
KAP-06-83	0	0	0
KAP-06-84	0	0	0
KAP-06-85	0	0	0
KAP-06-86	0	0	0
KAP-06-87	NA	0	0
KAP-06-88	0	0	0
KAP-06-89	NA	0	0
KAP-06-90	NA	0	0
KAP-06-92	0	0	0
KAP-06-93	0	0	0
KAP-06-94	0	0	0
KAP-06-95	NA	0	0
KAP-06-96	0	0	0
KB-06-02	0	0	1
KB-06-03	0	1	0
KB-06-04	0	1	0
KB-06-05	0	1	1
KB-06-06	0	0	0
KB-06-08	0	1	0
KB-06-09	0	0	1
KB-06-10	1	0	1
KB-06-100	0	0	0
KB-06-11	1	0	1
KB-06-12	NA	1	NA
KB-06-13	0	0	1
KB-06-14	0	0	1
KB-06-16	1	0	1
KB-06-18	0	1	0
KB-06-19	NA	1	NA
KB-06-20	0	0	1
KB-06-22	0	1	0
KB-06-23	0	0	0
KB-06-24	0	0	1
KB-06-25	0	0	1
KB-06-26	0	0	0
KB-06-27	0	0	1
KB-06-28	0	1	0
KB-06-29	0	0	1
KB-06-30	0	0	1
KB-06-31	0	0	1
KB-06-32	0	0	1
KB-06-33	NA	0	0
KB-06-35	NA	1	NA
KB-06-36	0	1	0
KB-06-37	0	0	1
KB-06-39	0	1	0
KB-06-40	1	0	1
KB-06-41	0	1	1
KB-06-43	0	1	1
KB-06-44	0	1	0
KB-06-45	NA	1	NA
KB-06-46	0	1	0
KB-06-47	0	1	1
KB-06-48	0	1	0
KB-06-49	0	0	0
KB-06-50	0	0	0
KB-06-51	1	0	1
KB-06-52	NA	1	NA
KB-06-53	0	0	1
KB-06-54	NA	1	NA
KB-06-55	NA	1	NA
KB-06-56	1	0	0
KB-06-57	0	1	1
KB-06-59	NA	1	NA
KB-06-60	0	1	0
KB-06-62	0	0	1
KB-06-63	0	0	0
KB-06-64	0	0	1
KB-06-65	0	1	0
KB-06-66	0	1	0
KB-06-67	0	1	0
KB-06-68	0	0	1
KB-06-69	0	0	1
KB-06-70	NA	1	NA
KB-06-72	0	1	1
KB-06-73	0	0	0
KB-06-74	0	0	1
KB-06-76	0	0	0
KB-06-77	0	0	0
KB-06-78	0	1	0
KB-06-79	0	0	1
KB-06-80	NA	1	NA
KB-06-81	0	0	1
KB-06-82	0	0	1
KB-06-84	0	0	1
KB-06-85	1	0	1
KB-06-86	NA	1	NA
KB-06-87	1	0	1
KB-06-88	0	0	1
KB-06-89	0	0	0
KB-06-90	1	1	1
KB-06-91	NA	1	NA
KB-06-92	0	0	0
KB-06-93	0	0	1
KB-06-95	0	0	1
KB-06-96	0	0	1
KB-06-98	1	0	0
KB-06-99	0	0	1
KBG-06-03	0	0	0
KBG-06-05	0	0	0
KBG-06-07	NA	0	0
KBG-06-08	0	0	0
KBG-06-09	0	1	0
KBG-06-12	NA	0	0
KBG-06-14	NA	0	0
KBG-06-17	NA	0	0
KBG-06-18	0	0	0
KBG-06-19	0	0	0
KBG-06-21	0	0	1
KBG-06-22	0	0	0
KBG-06-23	0	0	0
KBG-06-25	0	0	0
KBG-06-27	0	0	0
KBG-06-28	0	0	0
KBG-06-29	NA	0	0
KBG-06-30	0	0	0
KBG-06-32	0	0	0
KBG-06-33	0	1	0
KBG-06-34	0	0	0
KBG-06-35	0	0	0
KBG-06-36	NA	0	0
KBG-06-39	0	0	0
KBG-06-40	0	0	0
KBG-06-41	0	0	0
KBG-06-43	NA	0	0
KBG-06-45	0	1	0
KBG-06-46	NA	0	0
KBG-06-47	NA	0	0
KBG-06-50	NA	0	0
KBG-06-52	NA	0	0
KBG-06-53	0	0	0
KBG-06-54	0	0	0
KBG-06-56	0	0	0
KBG-06-57	0	0	0
KBG-06-59	0	0	0
KBG-06-60	0	0	0
KBG-06-65	0	0	0
KBG-06-66	0	0	0
KBG-06-67	0	0	0
KBG-06-68	0	0	0
KBG-06-69	NA	0	0
KBG-06-70	NA	0	0
KBG-06-71	0	0	0
KBG-06-72	0	0	0
KBG-06-73	0	0	0
KBG-06-76	0	0	0
KBG-06-77	NA	0	0
KBG-06-78	0	0	0
KBG-06-79	0	0	0
KBG-06-81	NA	1	NA
KBG-06-82	NA	0	0
KBG-06-83	0	0	0
KBG-06-84	0	0	0
KBG-06-86	NA	0	0
KBG-06-88	0	0	0
KBG-06-89	0	0	0
KBG-06-91	0	0	0
KBG-06-92	0	0	0
KBG-06-93	0	0	0
KBG-06-94	NA	0	0
KBG-06-95	NA	0	0
KBG-06-96	0	0	0
KBG-06-98	NA	0	0
KBG-06-99	0	0	0
KBK-06-01	0	0	0
KBK-06-03	0	0	0
KBK-06-04	0	0	0
KBK-06-05	0	0	0
KBK-06-06	0	0	0
KBK-06-10	0	0	0
KBK-06-12	0	0	0
KBK-06-13	0	0	0
KBK-06-14	0	0	0
KBK-06-16	NA	0	0
KBK-06-17	0	0	0
KBK-06-19	0	0	0
KBK-06-26	0	0	0
KBK-06-28	0	0	0
KBK-06-30	0	0	0
KBK-06-33	0	0	0
KBK-06-34	0	0	0
KBK-06-35	NA	0	0
KBK-06-38	NA	0	0
KBK-06-42	NA	0	0
KBK-06-43	NA	0	0
KBK-06-45	NA	0	0
KBK-06-46	0	0	0
KBK-06-48	0	0	0
KBK-06-52	0	0	0
KBK-06-53	0	1	0
KBK-06-55	NA	0	0
KBK-06-56	NA	0	0
KBK-06-60	NA	0	0
KBK-06-64	0	0	0
KBK-06-65	0	0	0
KBK-06-66	NA	0	0
KBK-06-67	0	0	0
KBK-06-68	NA	0	0
KBK-06-69	0	0	0
KBK-06-70	NA	0	0
KBK-06-74	0	0	0
KBK-06-75	0	1	0
KBK-06-76	0	0	0
KBK-06-77	NA	0	0
KBK-06-78	0	1	0
KBK-06-80	NA	0	0
KBK-06-83	0	0	0
KBK-06-85	NA	0	0
KBK-06-86	NA	1	NA
KBK-06-90	NA	0	0
KBK-06-94	NA	1	NA
KBK-06-96	NA	0	0
KBK-06-98	0	0	0
KN-06-01	NA	0	0
KN-06-05	NA	0	0
KN-06-06	NA	1	NA
KN-06-08	NA	0	0
KN-06-10	NA	1	NA
KN-06-11	NA	0	0
KN-06-12	1	0	0
KN-06-14	NA	0	0
KN-06-15	NA	1	NA
KN-06-16	NA	1	NA
KN-06-18	NA	0	0
KN-06-19	NA	1	NA
KN-06-22	NA	0	0
KN-06-25	0	1	0
KN-06-26	1	0	0
KN-06-27	0	0	0
KN-06-29	NA	1	NA
KN-06-32	NA	1	NA
KN-06-33	NA	0	0
KN-06-34	NA	0	0
KN-06-35	NA	1	NA
KN-06-36	0	1	0
KN-06-38	NA	0	0
KN-06-39	NA	0	0
KN-06-40	1	1	1
KN-06-41	0	1	1
KN-06-42	NA	0	0
KN-06-43	NA	1	NA
KN-06-45	NA	1	NA
KN-06-47	NA	0	0
KN-06-48	1	0	0
KN-06-49	0	1	0
KN-06-50	NA	0	0
KN-06-52	0	0	1
KN-06-53	NA	0	0
KN-06-54	NA	1	NA
KN-06-55	NA	0	0
KN-06-56	NA	1	NA
KN-06-59	NA	0	0
KN-06-60	0	1	0
KN-06-62	0	0	0
KN-06-63	NA	1	NA
KN-06-64	0	1	0
KN-06-65	NA	1	NA
KN-06-66	NA	1	NA
KN-06-67	NA	1	NA
KN-06-69	NA	1	NA
KN-06-70	NA	0	0
KN-06-72	0	1	0
KN-06-73	NA	1	NA
KN-06-75	NA	0	0
KN-06-78	NA	0	0
KN-06-79	NA	0	0
KN-06-80	NA	0	0
KN-06-82	NA	1	NA
KN-06-83	0	0	1
KN-06-84	0	0	0
KN-06-86	NA	0	0
KN-06-88	NA	0	0
KN-06-91	NA	0	0
KN-06-95	0	0	0
KN-06-97	NA	0	0
KO-06-01	NA	0	0
KO-06-02	0	1	0
KO-06-04	0	0	0
KO-06-05	0	0	0
KO-06-06	0	0	0
KO-06-07	NA	0	0
KO-06-09	0	0	0
KO-06-100	0	0	0
KO-06-11	NA	0	0
KO-06-12	NA	0	0
KO-06-13	0	0	0
KO-06-14	NA	0	0
KO-06-15	0	0	0
KO-06-22	0	0	0
KO-06-23	NA	0	0
KO-06-25	0	0	0
KO-06-28	NA	0	0
KO-06-29	NA	0	0
KO-06-30	0	0	0
KO-06-31	0	0	0
KO-06-32	0	0	0
KO-06-34	NA	0	0
KO-06-36	0	0	0
KO-06-37	0	0	0
KO-06-38	0	0	0
KO-06-39	0	0	0
KO-06-42	1	0	0
KO-06-43	0	0	0
KO-06-45	0	0	0
KO-06-46	0	0	0
KO-06-47	NA	0	0
KO-06-48	NA	0	0
KO-06-53	0	0	0
KO-06-54	0	0	0
KO-06-57	0	0	0
KO-06-59	NA	0	0
KO-06-60	NA	0	0
KO-06-62	0	0	0
KO-06-63	NA	0	0
KO-06-66	NA	0	0
KO-06-67	0	0	0
KO-06-70	0	0	0
KO-06-71	NA	0	0
KO-06-72	0	0	0
KO-06-73	0	0	0
KO-06-75	0	0	0
KO-06-76	0	0	0
KO-06-77	0	0	0
KO-06-78	0	0	0
KO-06-79	0	0	0
KO-06-80	0	0	0
KO-06-82	0	0	0
KO-06-83	NA	0	0
KO-06-84	NA	0	0
KO-06-85	0	0	0
KO-06-90	0	0	0
KO-06-92	0	0	0
KO-06-93	NA	0	0
KO-06-94	0	0	0
KO-06-96	0	0	0
KO-06-98	0	0	0
KO-06-99	NA	0	0
KS-06-01	1	0	1
KS-06-03	0	1	0
KS-06-04	NA	0	0
KS-06-05	0	0	1
KS-06-06	0	1	0
KS-06-08	1	1	1
KS-06-09	0	1	0
KS-06-100	0	0	1
KS-06-11	NA	0	0
KS-06-12	NA	0	0
KS-06-14	1	1	1
KS-06-15	NA	1	NA
KS-06-16	0	0	1
KS-06-17	1	0	0
KS-06-18	0	0	0
KS-06-19	NA	0	0
KS-06-21	1	0	0
KS-06-22	1	0	0
KS-06-23	NA	1	NA
KS-06-25	NA	0	0
KS-06-26	1	1	1
KS-06-27	0	1	0
KS-06-28	0	0	0
KS-06-29	NA	1	NA
KS-06-30	0	1	0
KS-06-32	1	0	0
KS-06-33	0	0	1
KS-06-34	0	1	0
KS-06-35	1	0	0
KS-06-36	1	1	1
KS-06-37	0	1	0
KS-06-38	0	1	0
KS-06-39	1	0	0
KS-06-40	0	1	0
KS-06-41	0	0	0
KS-06-42	0	0	0
KS-06-43	0	0	0
KS-06-44	1	0	0
KS-06-45	1	1	1
KS-06-46	NA	0	0
KS-06-47	0	0	1
KS-06-48	0	0	0
KS-06-49	0	0	0
KS-06-50	NA	0	0
KS-06-51	0	0	0
KS-06-53	1	0	0
KS-06-54	1	1	1
KS-06-55	NA	1	NA
KS-06-56	1	0	0
KS-06-57	NA	1	NA
KS-06-58	0	0	0
KS-06-59	NA	1	NA
KS-06-60	1	0	0
KS-06-61	0	1	0
KS-06-63	1	0	0
KS-06-64	0	0	1
KS-06-65	0	0	0
KS-06-67	NA	0	0
KS-06-68	0	0	0
KS-06-69	NA	0	0
KS-06-70	0	0	0
KS-06-72	NA	1	NA
KS-06-73	1	0	0
KS-06-75	0	1	0
KS-06-77	NA	0	0
KS-06-78	0	0	0
KS-06-79	0	1	0
KS-06-80	0	1	0
KS-06-81	NA	0	0
KS-06-83	1	0	0
KS-06-85	NA	0	0
KS-06-86	0	0	0
KS-06-87	1	0	0
KS-06-88	0	1	0
KS-06-89	1	0	0
KS-06-90	NA	1	NA
KS-06-92	0	0	0
KS-06-93	NA	0	0
KS-06-96	1	0	0
KS-06-97	NA	0	0
KS-06-98	1	0	0
KS-06-99	1	0	0
KTK-06-01	NA	0	0
KTK-06-03	NA	0	0
KTK-06-04	0	0	0
KTK-06-05	0	0	0
KTK-06-06	0	0	0
KTK-06-08	0	0	0
KTK-06-09	0	0	0
KTK-06-11	0	0	0
KTK-06-14	NA	0	0
KTK-06-16	0	0	0
KTK-06-17	0	0	0
KTK-06-18	0	0	0
KTK-06-19	0	0	0
KTK-06-22	0	0	0
KTK-06-24	0	0	0
KTK-06-26	0	0	0
KTK-06-28	NA	0	0
KTK-06-29	0	0	0
KTK-06-30	NA	0	0
KTK-06-31	0	0	0
KTK-06-32	0	0	0
KTK-06-34	0	0	0
KTK-06-35	0	0	0
KTK-06-36	NA	0	0
KTK-06-37	1	0	0
KTK-06-41	0	0	0
KTK-06-43	0	0	0
KTK-06-45	NA	0	0
KTK-06-46	NA	0	0
KTK-06-48	0	0	0
KTK-06-49	NA	0	0
KTK-06-50	1	0	0
KTK-06-51	NA	0	0
KTK-06-52	NA	0	0
KTK-06-53	0	0	0
KTK-06-55	NA	0	0
KTK-06-56	0	0	0
KTK-06-58	NA	0	0
KTK-06-62	0	0	0
KTK-06-64	0	0	0
KTK-06-65	0	0	0
KTK-06-67	0	0	0
KTK-06-68	0	0	0
KTK-06-69	0	0	0
KTK-06-70	0	0	0
KTK-06-71	0	0	0
KTK-06-73	0	0	0
KTK-06-74	NA	0	0
KTK-06-75	NA	0	0
KTK-06-76	0	0	0
KTK-06-77	NA	0	0
KTK-06-79	0	0	0
KTK-06-82	0	0	0
KTK-06-83	1	0	0
KTK-06-85	0	0	0
KTK-06-86	1	1	1
KTK-06-87	NA	0	0
KTK-06-89	0	0	0
KTK-06-91	0	0	0
KTK-06-92	0	0	0
KTK-06-93	0	0	0
KTK-06-95	0	0	0
KTK-06-96	0	0	0
KTK-06-98	NA	0	0
LA-06-100	NA	0	0
LA-06-97	0	0	0
LA-06-98	0	0	0
LA-06-99	0	0	0
LAM-06-01	0	0	0
LAM-06-03	0	0	0
LAM-06-06	0	0	0
LAM-06-07	0	0	0
LAM-06-08	0	0	0
LAM-06-09	1	1	1
LAM-06-10	0	0	0
LAM-06-11	NA	0	0
LAM-06-15	0	0	0
LAM-06-17	1	0	0
LAM-06-18	1	0	0
LAM-06-19	0	0	0
LAM-06-20	0	0	0
LAM-06-21	0	0	0
LAM-06-22	NA	0	0
LAM-06-24	0	0	0
LAM-06-27	0	0	0
LAM-06-29	0	0	0
LAM-06-30	NA	0	0
LAM-06-31	0	0	0
LAM-06-32	0	0	0
LAM-06-34	NA	0	0
LAM-06-36	0	0	0
LAM-06-44	0	0	0
LAM-06-46	NA	0	0
LAM-06-49	0	0	0
LAM-06-52	0	0	0
LAM-06-53	0	0	0
LAM-06-55	0	0	0
LAM-06-56	0	0	0
LAM-06-57	0	1	0
LAM-06-58	NA	0	0
LAM-06-59	NA	0	0
LAM-06-60	0	0	0
LAM-06-61	NA	0	0
LAM-06-62	0	0	0
LAM-06-63	NA	0	0
LAM-06-64	0	0	0
LAM-06-65	0	0	0
LAM-06-66	NA	0	0
LAM-06-68	0	0	0
LAM-06-69	1	0	0
LAM-06-70	0	0	0
LAM-06-72	0	0	0
LAM-06-73	0	0	0
LAM-06-74	NA	0	0
LAM-06-75	0	0	0
LAM-06-76	0	0	0
LAM-06-77	0	0	0
LAM-06-81	NA	0	0
LAM-06-82	NA	0	0
LAM-06-83	0	0	0
LAM-06-84	0	0	0
LAM-06-92	0	0	0
LAM-06-94	NA	0	0
LAM-06-95	0	0	0
LAM-06-96	0	0	0
MU-06-04	1	0	0
MU-06-07	NA	0	0
MU-06-08	1	1	1
MU-06-09	NA	0	0
MU-06-12	1	0	0
MU-06-13	0	0	0
MU-06-18	NA	0	0
MU-06-19	NA	1	NA
MU-06-37	NA	0	0
MU-06-41	NA	0	0
MU-06-50	NA	1	NA
MU-06-56	0	0	1
MU-06-60	NA	1	NA
MU-06-65	1	1	1
MU-06-66	0	1	0
MU-06-71	0	0	1
MU-06-79	0	0	0
MU-06-81	1	0	0
MU-06-83	0	0	0
MU-06-86	1	0	0
MU-06-97	1	0	0
TO-06-01	0	0	0
TO-06-02	0	0	0
TO-06-03	0	0	0
TO-06-06	0	0	0
TO-06-07	0	0	0
TO-06-08	0	0	0
TO-06-09	0	0	0
TO-06-10	0	0	0
TO-06-12	0	0	0
TO-06-13	0	0	0
TO-06-14	0	0	0
TO-06-17	0	0	0
TO-06-18	0	0	0
TO-06-19	0	0	0
TO-06-20	0	0	0
TO-06-21	0	0	0
TO-06-24	0	0	0
TO-06-25	0	0	0
TO-06-26	0	0	0
TO-06-28	NA	0	0
TO-06-29	1	0	0
TO-06-31	0	0	0
TO-06-33	1	0	0
TO-06-34	0	0	0
TO-06-35	NA	0	0
TO-06-36	0	0	0
TO-06-37	0	0	0
TO-06-38	NA	0	0
TO-06-40	NA	0	0
TO-06-41	0	0	0
TO-06-42	0	0	0
TO-06-43	0	0	0
TO-06-45	0	0	0
TO-06-46	0	0	0
TO-06-48	0	0	0
TO-06-50	1	0	0
TO-06-51	0	0	0
TO-06-52	0	0	0
TO-06-53	NA	0	0
TO-06-54	0	0	0
TO-06-55	0	0	0
TO-06-57	0	0	0
TO-06-58	0	0	0
TO-06-59	0	0	0
TO-06-60	0	0	0
TO-06-61	0	0	0
TO-06-62	0	0	0
TO-06-63	NA	0	0
TO-06-64	0	0	0
TO-06-65	NA	0	0
TO-06-67	0	0	0
TO-06-68	0	0	0
TO-06-69	1	0	0
TO-06-70	0	0	0
TO-06-71	NA	0	0
TO-06-73	0	0	0
TO-06-74	NA	0	0
TO-06-75	0	0	0
TO-06-76	0	1	0
TO-06-78	NA	0	0
TO-06-79	NA	0	0
TO-06-81	0	0	0
TO-06-82	NA	0	0
TO-06-83	0	0	0
TO-06-84	0	0	0
TO-06-85	1	0	0
TO-06-86	1	0	0
TO-06-89	0	0	0
TO-06-91	0	0	0
TO-06-92	NA	0	0
TO-06-93	0	0	0
TO-06-94	0	0	0
TO-06-95	0	0	0
TO-06-96	0	0	0
TO-06-97	0	0	0
TO-06-98	0	0	0
TO-06-99	0	0	0
AG-07-003	1	0	0
AG-07-007	0	0	0
AG-07-008	0	0	0
AG-07-01	0	0	0
AG-07-012	0	0	0
AG-07-013	0	0	0
AG-07-016	1	0	0
AG-07-019	0	0	0
AG-07-023	0	0	0
AG-07-025	0	0	0
AG-07-026	0	NA	0
AG-07-029	0	0	0
AG-07-03	NA	0	0
AG-07-031	0	0	0
AG-07-032	0	0	0
AG-07-035	0	0	0
AG-07-036	0	0	0
AG-07-037	NA	0	0
AG-07-038	0	0	0
AG-07-039	0	0	0
AG-07-040	0	0	0
AG-07-044	0	0	0
AG-07-045	0	0	0
AG-07-046	0	0	0
AG-07-047	0	0	0
AG-07-048	0	0	0
AG-07-049	NA	1	NA
AG-07-06	0	0	0
AG-07-072	0	0	0
AG-07-08	0	0	0
AG-07-084	0	0	0
AG-07-091	NA	0	0
AG-07-092	0	0	0
AG-07-096	0	0	0
AG-07-10	0	0	0
AG-07-11	0	0	0
AG-07-18	0	0	0
AG-07-20	0	1	0
AG-07-21	0	0	0
AG-07-27	0	0	0
AG-07-31	0	0	0
AG-07-32	0	0	0
AG-07-34	0	0	0
AG-07-35	0	0	0
AG-07-36	0	0	0
AG-07-42	0	0	0
AG-07-43	0	0	0
AG-07-45	0	0	0
AG-07-52	0	0	0
AG-07-54	0	0	0
AG-07-55	0	0	0
AG-07-57	0	0	0
AG-07-60	0	0	0
AG-07-61	0	0	0
AG-07-63	0	0	0
AG-07-64	NA	0	0
AG-07-65	0	0	0
AG-07-67	NA	0	0
AG-07-69	0	0	0
AG-07-70	0	0	0
AG-07-72	0	0	0
AG-07-74	0	NA	0
AG-07-75	1	0	0
AG-07-76	0	0	0
AG-07-77	0	0	0
AG-07-78	0	0	0
AG-07-79	0	0	0
AG-07-80	0	0	0
AG-07-81	0	0	0
AG-07-82	NA	0	0
AG-07-84	NA	0	0
AG-07-85	0	0	0
AG-07-86	1	0	0
AG-07-87	0	0	0
AG-07-90	0	1	0
AG-07-94	0	0	0
AG-07-95	0	0	0
AG-07-96	0	0	0
AG-07-98	0	0	0
AG-07-99	NA	0	0
AM-07-091	1	0	0
AM-07-092	1	0	0
AM-07-100	NA	0	0
AM-07-82	NA	0	0
AM-07-83	1	0	0
AM-07-84	1	0	0
AM-07-85	NA	0	0
AM-07-87	NA	0	0
AM-07-88	NA	0	0
AM-07-90	NA	0	0
AM-07-95	1	0	0
AM-07-96	1	0	0
AM-07-97	1	0	0
AM-07-98	1	0	0
AM-07-99	NA	0	0
AR-07-01	0	0	0
AR-07-012	0	1	0
AR-07-019	0	1	0
AR-07-02	0	0	0
AR-07-020	0	0	0
AR-07-03	0	1	0
AR-07-031	0	0	0
AR-07-043	0	1	0
AR-07-05	1	0	0
AR-07-06	0	0	0
AR-07-069	0	1	0
AR-07-079	0	0	0
AR-07-09	0	0	0
AR-07-091	1	0	0
AR-07-100	0	0	0
AR-07-13	0	0	0
AR-07-14	0	0	0
AR-07-15	0	0	0
AR-07-17	NA	0	0
AR-07-21	NA	0	0
AR-07-22	NA	0	0
AR-07-25	0	0	0
AR-07-26	0	0	0
AR-07-27	0	0	0
AR-07-28	0	0	0
AR-07-29	0	0	0
AR-07-30	0	0	0
AR-07-32	0	0	0
AR-07-33	0	0	0
AR-07-34	0	0	0
AR-07-35	0	0	0
AR-07-36	0	0	0
AR-07-38	0	0	0
AR-07-39	0	1	0
AR-07-40	0	0	0
AR-07-41	0	0	0
AR-07-42	0	0	0
AR-07-44	0	0	0
AR-07-45	0	0	0
AR-07-46	0	1	0
AR-07-47	NA	0	0
AR-07-48	0	1	0
AR-07-49	0	0	0
AR-07-50	0	1	0
AR-07-51	0	1	0
AR-07-52	NA	0	0
AR-07-53	NA	0	0
AR-07-54	0	0	0
AR-07-55	NA	0	0
AR-07-58	0	0	0
AR-07-59	0	0	0
AR-07-61	0	0	0
AR-07-62	0	0	0
AR-07-63	1	0	0
AR-07-64	0	1	0
AR-07-65	0	0	0
AR-07-66	0	0	0
AR-07-67	NA	0	0
AR-07-71	NA	0	0
AR-07-72	0	0	0
AR-07-73	0	0	0
AR-07-75	0	0	0
AR-07-77	NA	0	0
AR-07-78	0	0	0
AR-07-80	1	0	0
AR-07-81	1	0	0
AR-07-82	1	0	0
AR-07-84	0	0	0
AR-07-85	1	0	0
AR-07-86	1	0	0
AR-07-87	1	0	0
AR-07-88	1	0	0
AR-07-89	1	1	1
AR-07-90	1	0	0
AR-07-91	1	0	0
AR-07-93	NA	0	0
AR-07-94	1	0	0
AR-07-95	0	0	0
AR-07-96	0	0	0
AR-07-97	NA	0	0
AR-07-98	0	0	0
HO-07-01	NA	0	0
HO-07-02	0	0	0
HO-07-023	0	0	0
HO-07-025	0	0	0
HO-07-027	NA	0	0
HO-07-03	0	0	0
HO-07-04	0	0	0
HO-07-05	0	0	0
HO-07-057	NA	0	0
HO-07-06	NA	0	0
HO-07-060	0	0	0
HO-07-12	0	0	0
HO-07-15	0	0	0
HO-07-16	0	0	0
HO-07-17	0	0	0
HO-07-20	0	0	0
HO-07-24	1	0	0
HO-07-30	NA	0	0
HO-07-32	0	0	0
HO-07-33	0	0	0
HO-07-34	0	0	0
HO-07-35	0	0	0
HO-07-36	0	0	0
HO-07-37	1	0	0
HO-07-38	NA	0	0
HO-07-39	1	0	0
HO-07-40	1	0	0
HO-07-41	0	0	0
HO-07-43	0	0	0
HO-07-44	0	0	0
HO-07-45	0	0	0
HO-07-46	0	0	0
HO-07-47	NA	0	0
HO-07-48	0	0	0
HO-07-49	1	0	0
HO-07-50	NA	0	0
HO-07-51	NA	0	0
HO-07-52	0	0	0
HO-07-53	1	0	0
HO-07-54	1	0	0
HO-07-55	1	0	0
HO-07-56	NA	0	0
HO-07-70	0	0	0
HO-07-71	NA	0	0
HO-07-72	NA	0	0
HO-07-73	NA	0	0
HO-07-75	0	0	0
HO-07-76	NA	0	0
HO-07-77	0	0	0
HO-07-78	0	0	0
HO-07-79	0	0	0
HO-07-80	0	0	0
HO-07-81	0	0	0
HO-07-82	0	0	0
HO-07-83	NA	0	0
HO-07-84	0	0	0
HO-07-85	0	0	0
HO-07-86	1	0	0
HO-07-87	0	0	0
HO-07-88	0	0	0
HO-07-89	0	0	0
HO-07-90	0	0	0
HO-07-91	NA	0	0
HO-07-92	0	0	0
HO-07-93	1	0	0
HO-07-94	NA	0	0
HO-07-95	0	0	0
HO-07-96	NA	0	0
JI-07-001	0	0	0
JI-07-003	1	0	0
JI-07-004	0	0	0
JI-07-005	1	0	0
JI-07-006	0	0	0
JI-07-007	1	0	0
JI-07-008	1	0	0
JI-07-009	1	0	0
JI-07-01	0	0	0
JI-07-010	0	0	0
JI-07-011	0	0	0
JI-07-012	1	0	0
JI-07-013	1	0	0
JI-07-014	0	0	0
JI-07-015	1	0	0
JI-07-016	1	0	0
JI-07-017	1	0	0
JI-07-018	1	0	0
JI-07-019	1	0	0
JI-07-020	1	0	0
JI-07-021	1	0	0
JI-07-022	1	0	0
JI-07-023	1	0	0
JI-07-024	1	0	0
JI-07-025	1	0	0
JI-07-026	1	0	0
JI-07-027	1	0	0
JI-07-028	1	0	0
JI-07-029	1	0	0
JI-07-03	NA	0	0
JI-07-030	1	0	0
JI-07-031	NA	0	0
JI-07-032	NA	0	0
JI-07-033	NA	0	0
JI-07-034	NA	0	0
JI-07-035	1	0	0
JI-07-036	1	0	0
JI-07-037	1	0	0
JI-07-038	1	0	0
JI-07-039	1	0	0
JI-07-04	NA	0	0
JI-07-040	NA	0	0
JI-07-041	1	0	0
JI-07-042	NA	0	0
JI-07-044	NA	0	0
JI-07-047	NA	0	0
JI-07-048	1	0	0
JI-07-049	1	0	0
JI-07-05	1	0	0
JI-07-050	1	0	0
JI-07-051	1	0	0
JI-07-052	NA	0	0
JI-07-06	0	0	0
JI-07-060	1	0	0
JI-07-061	1	0	0
JI-07-062	1	0	0
JI-07-063	1	0	0
JI-07-064	NA	0	0
JI-07-065	NA	0	0
JI-07-07	1	0	0
JI-07-072	1	0	0
JI-07-073	1	0	0
JI-07-074	1	0	0
JI-07-075	1	0	0
JI-07-076	1	0	0
JI-07-078	NA	0	0
JI-07-08	0	0	0
JI-07-080	NA	0	0
JI-07-084	1	0	0
JI-07-085	1	0	0
JI-07-086	1	0	0
JI-07-087	1	0	0
JI-07-089	NA	0	0
JI-07-09	1	0	0
JI-07-090	0	0	0
JI-07-091	0	0	0
JI-07-10	0	0	0
JI-07-100	0	0	0
JI-07-11	0	0	0
JI-07-12	NA	0	0
JI-07-13	1	0	0
JI-07-14	0	0	0
JI-07-15	1	0	0
JI-07-16	1	0	0
JI-07-17	1	0	0
JI-07-18	1	0	0
JI-07-19	1	0	0
JI-07-20	1	0	0
JI-07-21	1	0	0
JI-07-22	1	0	0
JI-07-23	1	0	0
JI-07-24	1	0	0
JI-07-25	1	0	0
JI-07-26	1	0	0
JI-07-27	1	0	0
JI-07-28	1	0	0
JI-07-29	1	0	0
JI-07-30	1	0	0
JI-07-31	1	0	0
JI-07-32	1	0	0
JI-07-33	1	0	0
JI-07-34	1	0	0
JI-07-35	1	0	0
JI-07-36	NA	0	0
JI-07-37	1	0	0
JI-07-38	1	0	0
JI-07-39	1	0	0
JI-07-40	1	0	0
JI-07-41	1	0	0
JI-07-42	1	0	0
JI-07-43	1	0	0
JI-07-44	1	0	0
JI-07-45	1	0	0
JI-07-46	1	0	0
JI-07-47	1	0	0
JI-07-48	NA	0	0
JI-07-49	1	0	0
JI-07-50	1	0	0
JI-07-51	1	0	0
JI-07-52	1	0	0
JI-07-53	1	0	0
JI-07-54	1	0	0
JI-07-55	1	0	0
JI-07-56	1	0	0
JI-07-57	1	0	0
JI-07-58	1	0	0
JI-07-59	1	0	0
JI-07-60	1	0	0
JI-07-61	1	0	0
JI-07-62	1	0	0
JI-07-63	1	0	0
JI-07-64	1	0	0
JI-07-65	1	0	0
JI-07-66	1	0	0
JI-07-67	0	0	0
JI-07-68	1	0	0
JI-07-69	1	0	0
JI-07-70	1	0	0
JI-07-71	1	0	0
JI-07-73	1	0	0
JI-07-74	NA	0	0
JI-07-75	0	0	0
JI-07-76	0	0	0
JI-07-77	NA	0	0
JI-07-78	NA	0	0
JI-07-79	1	0	0
JI-07-80	1	0	0
JI-07-81	0	0	0
JI-07-82	0	0	0
JI-07-83	1	0	0
JI-07-84	1	0	0
JI-07-85	1	0	0
JI-07-86	1	0	0
JI-07-87	1	0	0
JI-07-88	1	0	0
JI-07-89	0	0	0
JI-07-90	0	0	0
JI-07-91	1	0	0
JI-07-92	1	0	0
JI-07-93	1	0	0
JI-07-94	0	0	0
JI-07-95	1	0	0
JI-07-96	1	0	0
JI-07-97	1	0	0
JI-07-98	1	0	0
JI-07-99	1	0	0
KAP-07-01	0	0	0
KAP-07-03	0	0	0
KAP-07-037	0	0	0
KAP-07-04	0	0	0
KAP-07-042	0	0	0
KAP-07-045	0	0	0
KAP-07-05	0	0	0
KAP-07-086	0	0	0
KAP-07-100	0	0	0
KAP-07-15	NA	0	0
KAP-07-25	0	0	0
KAP-07-30	NA	0	0
KAP-07-33	0	0	0
KAP-07-39	0	0	0
KAP-07-40	0	0	0
KAP-07-46	0	0	0
KAP-07-48	NA	0	0
KAP-07-51	NA	0	0
KAP-07-52	0	0	0
KAP-07-54	NA	0	0
KAP-07-58	0	0	0
KAP-07-59	NA	0	0
KAP-07-62	0	0	0
KAP-07-72	NA	0	0
KAP-07-76	0	NA	0
KAP-07-84	NA	0	0
KAP-07-85	NA	0	0
KAP-07-86	0	0	0
KAP-07-87	0	NA	0
KAP-07-88	0	0	0
KAP-07-89	0	NA	0
KAP-07-94	NA	0	0
KB-07-01	0	0	1
KB-07-010	NA	1	NA
KB-07-011	1	0	0
KB-07-020	1	0	0
KB-07-03	1	1	1
KB-07-030	0	0	0
KB-07-04	0	1	0
KB-07-05	1	1	1
KB-07-06	0	0	1
KB-07-07	1	0	1
KB-07-08	1	1	1
KB-07-083	0	0	1
KB-07-09	0	0	1
KB-07-091	0	0	0
KB-07-099	1	0	0
KB-07-100	NA	1	NA
KB-07-12	0	0	1
KB-07-13	0	0	1
KB-07-14	1	0	0
KB-07-16	0	1	0
KB-07-17	1	1	1
KB-07-18	NA	1	NA
KB-07-21	0	0	1
KB-07-23	0	0	1
KB-07-24	0	0	0
KB-07-25	1	0	1
KB-07-26	0	1	0
KB-07-27	0	1	0
KB-07-29	0	0	1
KB-07-32	0	0	1
KB-07-34	0	1	0
KB-07-35	NA	1	NA
KB-07-36	0	0	0
KB-07-37	1	1	1
KB-07-38	1	0	0
KB-07-41	0	1	0
KB-07-42	NA	1	NA
KB-07-43	1	0	1
KB-07-46	0	1	1
KB-07-48	0	0	1
KB-07-49	0	0	1
KB-07-50	NA	1	NA
KB-07-51	1	1	1
KB-07-54	0	0	1
KB-07-55	1	0	1
KB-07-56	0	0	0
KB-07-57	1	1	1
KB-07-59	NA	1	NA
KB-07-60	0	0	0
KB-07-65	0	0	1
KB-07-66	0	0	1
KB-07-68	0	0	1
KB-07-71	1	1	1
KB-07-76	NA	1	NA
KB-07-78	0	0	1
KB-07-79	0	1	0
KB-07-84	NA	1	NA
KB-07-85	0	0	1
KB-07-86	0	1	1
KB-07-89	0	0	1
KB-07-90	1	0	0
KB-07-92	1	0	0
KB-07-94	1	0	1
KB-07-96	NA	1	NA
KB-07-98	NA	1	NA
KBG-07-002	0	0	0
KBG-07-004	0	0	0
KBG-07-006	0	0	0
KBG-07-008	0	0	0
KBG-07-009	0	0	0
KBG-07-01	0	0	0
KBG-07-010	0	0	0
KBG-07-011	0	0	0
KBG-07-012	0	0	0
KBG-07-016	0	0	0
KBG-07-017	0	0	0
KBG-07-027	0	0	0
KBG-07-031	0	0	0
KBG-07-032	0	0	0
KBG-07-034	NA	0	0
KBG-07-038	0	0	0
KBG-07-039	0	0	0
KBG-07-043	NA	0	0
KBG-07-044	0	0	0
KBG-07-049	NA	0	0
KBG-07-05	0	0	0
KBG-07-050	0	0	0
KBG-07-051	0	0	0
KBG-07-056	1	NA	NA
KBG-07-062	0	0	0
KBG-07-068	NA	0	0
KBG-07-070	0	0	0
KBG-07-079	0	0	0
KBG-07-081	0	0	0
KBG-07-082	0	0	0
KBG-07-085	0	NA	0
KBG-07-086	0	0	0
KBG-07-087	0	0	0
KBG-07-089	1	NA	NA
KBG-07-12	0	0	0
KBG-07-13	0	0	0
KBG-07-14	0	0	0
KBG-07-18	0	0	0
KBG-07-19	0	0	0
KBG-07-21	0	0	0
KBG-07-22	0	0	0
KBG-07-23	0	0	0
KBG-07-24	0	0	0
KBG-07-25	0	0	0
KBG-07-26	0	0	0
KBG-07-28	0	0	0
KBG-07-29	0	0	0
KBG-07-30	0	0	0
KBG-07-33	0	0	0
KBG-07-35	0	0	0
KBG-07-37	0	0	0
KBG-07-43	NA	0	0
KBG-07-45	0	0	0
KBG-07-46	0	0	0
KBG-07-48	0	0	0
KBG-07-53	NA	0	0
KBG-07-54	0	0	0
KBG-07-55	NA	0	0
KBG-07-57	0	0	0
KBG-07-58	0	0	0
KBG-07-59	0	0	0
KBG-07-61	0	0	0
KBG-07-65	0	0	0
KBG-07-66	0	0	0
KBG-07-67	NA	0	0
KBG-07-74	0	0	0
KBG-07-75	NA	0	0
KBG-07-76	NA	0	0
KBG-07-77	0	0	0
KBG-07-78	0	0	0
KBG-07-83	0	0	0
KBG-07-84	0	0	0
KBG-07-88	0	0	0
KBG-07-90	0	0	0
KBG-07-91	0	0	0
KBG-07-94	0	0	0
KBG-07-95	0	0	0
KBG-07-96	0	0	0
KBG-07-97	NA	0	0
KBG-07-98	0	0	0
KBG-07-99	0	0	0
KBK-07-001	0	0	0
KBK-07-02	0	1	0
KBK-07-03	0	0	0
KBK-07-048	NA	0	0
KBK-07-05	0	0	0
KBK-07-06	0	0	0
KBK-07-07	0	0	0
KBK-07-09	0	0	0
KBK-07-10	0	0	0
KBK-07-100	NA	0	0
KBK-07-12	0	0	0
KBK-07-14	0	1	0
KBK-07-16	0	0	0
KBK-07-18	NA	0	0
KBK-07-19	0	0	0
KBK-07-20	0	0	0
KBK-07-23	NA	0	0
KBK-07-25	0	0	0
KBK-07-26	0	0	0
KBK-07-27	NA	0	0
KBK-07-29	0	0	0
KBK-07-30	0	0	0
KBK-07-32	0	0	0
KBK-07-34	0	0	0
KBK-07-35	0	0	0
KBK-07-36	0	0	0
KBK-07-37	0	0	0
KBK-07-38	0	0	0
KBK-07-39	0	0	0
KBK-07-43	0	0	0
KBK-07-44	NA	0	0
KBK-07-46	0	0	0
KBK-07-47	NA	0	0
KBK-07-51	0	0	0
KBK-07-52	NA	0	0
KBK-07-59	NA	0	0
KBK-07-60	0	0	0
KBK-07-62	0	0	0
KBK-07-63	0	0	0
KBK-07-65	NA	0	0
KBK-07-67	NA	0	0
KBK-07-70	NA	0	0
KBK-07-75	0	0	0
KBK-07-77	0	0	0
KBK-07-80	0	0	0
KBK-07-81	0	NA	0
KBK-07-87	0	0	0
KBK-07-88	0	0	0
KBK-07-90	0	0	0
KBK-07-93	0	0	0
KBK-07-94	0	0	0
KBK-07-96	0	0	0
KBK-07-99	0	0	0
KN-07-01	NA	1	NA
KN-07-012	1	0	0
KN-07-02	NA	1	NA
KN-07-028	0	1	0
KN-07-029	NA	1	NA
KN-07-03	0	0	1
KN-07-04	NA	1	NA
KN-07-041	0	1	0
KN-07-05	NA	1	NA
KN-07-06	NA	1	NA
KN-07-064	0	0	0
KN-07-077	NA	0	0
KN-07-084	0	0	0
KN-07-09	NA	1	NA
KN-07-10	NA	1	NA
KN-07-100	0	1	0
KN-07-11	1	0	0
KN-07-12	0	0	0
KN-07-13	1	0	0
KN-07-14	1	0	0
KN-07-15	1	0	0
KN-07-16	1	0	0
KN-07-17	1	0	0
KN-07-18	0	0	0
KN-07-19	1	0	0
KN-07-20	NA	0	0
KN-07-21	1	0	0
KN-07-22	1	0	0
KN-07-23	1	0	0
KN-07-24	1	0	0
KN-07-25	1	0	0
KN-07-26	1	0	0
KN-07-27	1	0	0
KN-07-40	NA	1	NA
KN-07-45	1	0	0
KN-07-48	1	0	0
KN-07-49	1	0	0
KN-07-50	1	0	0
KN-07-52	NA	0	0
KN-07-53	NA	0	0
KN-07-54	NA	0	0
KN-07-55	1	0	0
KN-07-56	NA	0	0
KN-07-57	1	0	0
KN-07-58	1	0	0
KN-07-59	1	0	0
KN-07-62	NA	0	0
KN-07-63	1	0	0
KN-07-64	0	0	0
KN-07-65	1	0	0
KN-07-66	0	0	0
KN-07-67	0	0	0
KN-07-68	NA	0	0
KN-07-69	0	0	0
KN-07-70	0	0	0
KN-07-71	0	0	0
KN-07-72	0	0	0
KN-07-73	0	1	0
KN-07-74	1	1	1
KN-07-75	NA	1	NA
KN-07-76	0	1	0
KN-07-78	NA	1	NA
KN-07-79	0	1	1
KN-07-81	0	0	1
KN-07-82	1	0	0
KN-07-83	1	0	1
KN-07-85	0	0	1
KN-07-86	0	1	0
KN-07-87	0	1	0
KN-07-88	NA	1	NA
KN-07-89	0	1	1
KN-07-90	0	0	0
KN-07-91	0	0	1
KN-07-92	NA	0	0
KN-07-94	NA	0	0
KO-07-001	0	0	0
KO-07-002	1	0	0
KO-07-003	0	0	0
KO-07-004	1	NA	NA
KO-07-005	0	0	0
KO-07-006	0	0	0
KO-07-007	0	0	0
KO-07-008	1	0	0
KO-07-009	0	0	0
KO-07-01	NA	0	0
KO-07-010	NA	0	0
KO-07-011	0	0	0
KO-07-013	0	0	0
KO-07-014	1	0	0
KO-07-015	1	0	0
KO-07-016	0	0	0
KO-07-017	1	0	0
KO-07-018	1	0	0
KO-07-019	0	0	0
KO-07-020	0	1	0
KO-07-021	1	0	0
KO-07-022	1	NA	NA
KO-07-023	0	0	0
KO-07-024	0	1	0
KO-07-025	0	0	0
KO-07-026	0	0	0
KO-07-027	1	0	0
KO-07-028	1	0	0
KO-07-029	1	0	0
KO-07-03	0	0	0
KO-07-030	0	0	0
KO-07-031	0	0	0
KO-07-032	0	0	0
KO-07-033	0	NA	0
KO-07-034	0	0	0
KO-07-035	0	0	0
KO-07-036	0	1	0
KO-07-037	1	0	0
KO-07-038	1	0	0
KO-07-039	1	0	0
KO-07-040	0	0	0
KO-07-041	0	0	0
KO-07-042	1	0	0
KO-07-043	1	NA	NA
KO-07-044	0	0	0
KO-07-045	0	0	0
KO-07-046	0	0	0
KO-07-047	NA	0	0
KO-07-048	0	0	0
KO-07-049	0	0	0
KO-07-050	0	0	0
KO-07-051	0	0	0
KO-07-052	0	0	0
KO-07-053	0	0	0
KO-07-054	1	0	0
KO-07-055	0	0	0
KO-07-056	0	0	0
KO-07-057	0	0	0
KO-07-059	0	0	0
KO-07-06	0	0	0
KO-07-061	0	0	0
KO-07-062	0	0	0
KO-07-063	NA	0	0
KO-07-064	NA	0	0
KO-07-065	1	0	0
KO-07-066	1	0	0
KO-07-067	1	0	0
KO-07-069	0	0	0
KO-07-073	1	0	0
KO-07-074	0	0	0
KO-07-075	0	0	0
KO-07-077	0	0	0
KO-07-078	0	0	0
KO-07-079	0	0	0
KO-07-080	0	0	0
KO-07-081	0	0	0
KO-07-082	0	0	0
KO-07-083	0	0	0
KO-07-084	0	0	0
KO-07-085	0	0	0
KO-07-086	0	0	0
KO-07-088	0	0	0
KO-07-089	0	0	0
KO-07-090	0	0	0
KO-07-091	0	0	0
KO-07-092	0	0	0
KO-07-093	NA	0	0
KO-07-095	0	0	0
KO-07-097	0	0	0
KO-07-13	0	0	0
KO-07-16	NA	0	0
KO-07-19	0	0	0
KO-07-23	NA	0	0
KO-07-30	NA	0	0
KO-07-36	NA	1	NA
KO-07-40	NA	0	0
KO-07-41	0	0	0
KO-07-44	0	0	0
KO-07-45	0	0	0
KO-07-46	NA	0	0
KO-07-48	0	0	0
KO-07-50	0	0	0
KO-07-51	0	0	0
KO-07-52	0	0	0
KO-07-53	0	0	0
KO-07-55	0	0	0
KO-07-57	0	0	0
KO-07-61	0	0	0
KO-07-62	NA	0	0
KO-07-66	1	0	0
KO-07-69	0	0	0
KO-07-72	0	0	0
KO-07-73	1	0	0
KO-07-75	0	0	0
KO-07-79	0	0	0
KO-07-80	0	0	0
KO-07-81	0	0	0
KO-07-82	0	0	0
KO-07-88	0	0	0
KO-07-89	NA	0	0
KO-07-90	0	0	0
KO-07-92	0	0	0
KO-07-95	NA	0	0
KO-07-99	0	0	0
KS-07-01	0	0	0
KS-07-012	NA	1	NA
KS-07-02	NA	1	NA
KS-07-025	1	0	0
KS-07-03	1	1	1
KS-07-036	0	0	0
KS-07-037	0	0	1
KS-07-04	0	0	0
KS-07-048	0	1	0
KS-07-049	0	0	0
KS-07-05	1	0	0
KS-07-053	1	1	1
KS-07-059	0	0	0
KS-07-06	0	1	0
KS-07-061	0	0	0
KS-07-062	1	1	1
KS-07-063	0	0	0
KS-07-066	NA	0	0
KS-07-07	0	1	0
KS-07-071	0	0	0
KS-07-073	1	1	1
KS-07-077	1	0	0
KS-07-078	0	0	0
KS-07-081	1	0	0
KS-07-082	1	0	0
KS-07-083	1	0	0
KS-07-085	0	1	0
KS-07-087	1	0	0
KS-07-089	0	0	0
KS-07-09	1	1	1
KS-07-090	0	0	0
KS-07-091	0	0	0
KS-07-10	0	0	0
KS-07-100	NA	0	0
KS-07-12	1	1	1
KS-07-13	0	0	0
KS-07-14	0	1	0
KS-07-15	0	1	0
KS-07-16	0	0	0
KS-07-17	0	0	1
KS-07-18	NA	0	0
KS-07-19	0	1	0
KS-07-20	0	0	1
KS-07-21	0	1	0
KS-07-22	NA	1	NA
KS-07-23	1	1	1
KS-07-24	0	0	0
KS-07-25	1	0	0
KS-07-26	1	0	0
KS-07-27	0	0	0
KS-07-28	0	0	0
KS-07-29	0	0	0
KS-07-30	0	0	0
KS-07-31	NA	0	0
KS-07-32	0	0	0
KS-07-34	0	0	0
KS-07-35	0	0	0
KS-07-36	0	0	0
KS-07-37	0	0	0
KS-07-38	0	1	0
KS-07-39	0	0	0
KS-07-40	1	0	0
KS-07-41	0	0	0
KS-07-42	0	1	0
KS-07-43	0	1	0
KS-07-44	0	1	0
KS-07-45	0	0	0
KS-07-46	0	1	0
KS-07-47	0	0	0
KS-07-48	0	1	0
KS-07-49	0	0	0
KS-07-50	0	1	0
KS-07-51	0	1	0
KS-07-52	NA	1	NA
KS-07-53	NA	0	0
KS-07-54	0	0	0
KS-07-55	0	0	0
KS-07-57	0	0	0
KS-07-58	0	0	0
KS-07-59	0	0	0
KS-07-61	0	0	0
KS-07-62	0	0	0
KS-07-63	1	0	0
KS-07-64	0	1	0
KS-07-65	0	0	0
KS-07-66	0	0	0
KS-07-67	0	0	0
KS-07-68	0	0	1
KS-07-69	NA	1	NA
KS-07-70	1	0	0
KS-07-71	0	0	0
KS-07-72	1	1	1
KS-07-73	0	0	0
KS-07-74	1	0	1
KS-07-75	0	0	0
KS-07-76	0	0	0
KS-07-79	0	0	0
KS-07-80	1	0	0
KS-07-81	0	0	0
KS-07-82	NA	0	0
KS-07-84	0	0	0
KS-07-86	0	1	0
KS-07-88	0	0	0
KS-07-91	1	1	1
KS-07-93	NA	1	NA
KS-07-94	1	0	0
KS-07-95	1	0	0
KS-07-97	0	0	0
KS-07-98	0	1	0
KS-07-99	NA	0	0
KTK-07-002	0	0	0
KTK-07-005	0	0	0
KTK-07-01	0	0	0
KTK-07-03	0	0	0
KTK-07-04	NA	0	0
KTK-07-05	0	0	0
KTK-07-06	0	0	0
KTK-07-072	NA	0	0
KTK-07-08	0	0	0
KTK-07-084	1	0	0
KTK-07-09	0	0	0
KTK-07-100	NA	0	0
KTK-07-11	0	0	0
KTK-07-12	0	0	0
KTK-07-13	0	0	0
KTK-07-15	NA	0	0
KTK-07-16	0	0	0
KTK-07-17	NA	0	0
KTK-07-18	NA	0	0
KTK-07-19	0	0	0
KTK-07-23	0	0	0
KTK-07-24	0	0	0
KTK-07-25	0	0	0
KTK-07-27	0	0	0
KTK-07-28	0	0	0
KTK-07-30	NA	0	0
KTK-07-31	0	0	0
KTK-07-32	NA	0	0
KTK-07-33	0	0	0
KTK-07-34	NA	0	0
KTK-07-35	0	0	0
KTK-07-38	0	0	0
KTK-07-39	0	0	0
KTK-07-40	0	0	0
KTK-07-42	0	0	0
KTK-07-43	0	0	0
KTK-07-45	NA	0	0
KTK-07-46	NA	0	0
KTK-07-47	0	0	0
KTK-07-48	0	0	0
KTK-07-49	0	0	0
KTK-07-50	0	0	0
KTK-07-51	0	0	0
KTK-07-52	NA	0	0
KTK-07-53	NA	0	0
KTK-07-55	0	0	0
KTK-07-57	0	0	0
KTK-07-58	NA	0	0
KTK-07-61	0	0	0
KTK-07-62	0	0	0
KTK-07-63	0	0	0
KTK-07-64	0	0	0
KTK-07-65	1	0	0
KTK-07-66	0	0	0
KTK-07-67	0	0	0
KTK-07-68	0	0	0
KTK-07-69	0	0	0
KTK-07-70	NA	0	0
KTK-07-71	0	0	0
KTK-07-72	0	0	0
KTK-07-73	0	0	0
KTK-07-75	0	0	0
KTK-07-76	0	0	0
KTK-07-77	0	0	0
KTK-07-78	0	0	0
KTK-07-79	1	0	0
KTK-07-80	NA	0	0
KTK-07-81	NA	0	0
KTK-07-82	0	0	0
KTK-07-83	0	0	0
KTK-07-85	NA	0	0
KTK-07-86	0	0	0
KTK-07-87	0	0	0
KTK-07-88	0	0	0
KTK-07-89	1	0	0
KTK-07-90	NA	0	0
KTK-07-91	0	0	0
KTK-07-92	0	0	0
KTK-07-93	0	0	0
KTK-07-94	0	0	0
KTK-07-95	0	0	0
KTK-07-96	0	0	0
KTK-07-97	0	0	0
KTK-07-98	0	0	0
KTK-07-99	0	0	0
LA-07-01	0	0	0
LA-07-03	NA	0	0
LA-07-04	0	0	0
LA-07-05	0	0	0
LA-07-07	0	0	0
LA-07-10	0	0	0
LA-07-100	1	NA	NA
LA-07-12	0	0	0
LA-07-15	0	0	0
LA-07-16	NA	0	0
LA-07-17	NA	0	0
LA-07-18	0	0	0
LA-07-19	0	0	0
LA-07-20	0	0	0
LA-07-22	0	0	0
LA-07-23	0	0	0
LA-07-25	0	0	0
LA-07-28	0	0	0
LA-07-31	1	0	0
LA-07-34	0	0	0
LA-07-35	0	0	0
LA-07-36	0	0	0
LA-07-37	0	0	0
LA-07-38	NA	0	0
LA-07-39	0	0	0
LA-07-40	0	0	0
LA-07-41	1	0	0
LA-07-42	0	0	0
LA-07-47	NA	0	0
LA-07-50	0	0	0
LA-07-52	0	0	0
LA-07-53	0	0	0
LA-07-54	0	0	0
LA-07-56	0	0	0
LA-07-57	NA	0	0
LA-07-58	0	0	0
LA-07-60	0	0	0
LA-07-61	NA	0	0
LA-07-62	1	0	0
LA-07-64	NA	0	0
LA-07-65	0	0	0
LA-07-66	0	0	0
LA-07-67	NA	0	0
LA-07-70	0	0	0
LA-07-71	0	0	0
LA-07-73	0	0	0
LA-07-74	0	0	0
LA-07-77	0	0	0
LA-07-78	0	NA	0
LA-07-80	1	0	0
LA-07-81	1	0	0
LA-07-82	1	0	0
LA-07-83	1	0	0
LA-07-84	0	0	0
LA-07-86	0	0	0
LA-07-89	0	0	0
LA-07-93	0	NA	0
LA-07-97	1	0	0
MU-07-003	0	0	0
MU-07-004	0	0	0
MU-07-006	NA	0	0
MU-07-008	0	0	0
MU-07-009	0	0	0
MU-07-012	0	0	0
MU-07-014	1	0	0
MU-07-015	1	1	1
MU-07-016	0	0	1
MU-07-017	0	0	0
MU-07-018	1	1	1
MU-07-019	0	0	0
MU-07-022	0	0	0
MU-07-023	0	0	0
MU-07-024	0	0	0
MU-07-026	0	0	1
MU-07-027	0	0	0
MU-07-028	1	0	0
MU-07-029	1	1	1
MU-07-03	0	0	0
MU-07-031	0	0	1
MU-07-032	0	0	0
MU-07-034	0	0	0
MU-07-035	0	0	0
MU-07-036	0	1	1
MU-07-037	1	1	1
MU-07-038	0	1	1
MU-07-039	0	0	0
MU-07-04	0	0	0
MU-07-042	1	1	1
MU-07-043	1	1	1
MU-07-044	0	0	0
MU-07-046	1	1	1
MU-07-048	0	1	1
MU-07-049	NA	0	0
MU-07-051	0	1	1
MU-07-052	1	1	1
MU-07-053	1	1	1
MU-07-054	0	1	1
MU-07-055	0	1	0
MU-07-058	0	1	1
MU-07-059	0	1	1
MU-07-06	0	0	0
MU-07-062	0	1	1
MU-07-063	NA	0	0
MU-07-065	0	1	1
MU-07-066	NA	0	0
MU-07-067	1	1	1
MU-07-070	0	0	0
MU-07-073	0	0	1
MU-07-074	0	0	0
MU-07-075	0	0	0
MU-07-076	1	1	1
MU-07-078	0	0	1
MU-07-079	0	0	1
MU-07-08	0	0	0
MU-07-082	0	0	0
MU-07-083	0	1	1
MU-07-086	0	0	1
MU-07-09	0	0	0
MU-07-12	0	0	0
MU-07-14	NA	0	0
MU-07-15	1	1	1
MU-07-16	0	0	1
MU-07-17	0	0	0
MU-07-18	1	1	1
MU-07-19	0	0	0
MU-07-23	NA	0	0
MU-07-24	0	0	0
MU-07-26	0	0	1
MU-07-27	0	0	0
MU-07-28	NA	0	0
MU-07-29	1	1	1
MU-07-31	0	0	1
MU-07-32	NA	0	0
MU-07-34	NA	0	0
MU-07-35	0	0	0
MU-07-37	0	1	0
MU-07-38	NA	0	0
MU-07-39	0	0	0
MU-07-42	1	1	1
MU-07-43	0	1	0
MU-07-46	1	1	1
MU-07-48	NA	0	0
MU-07-52	1	1	1
MU-07-53	1	1	1
MU-07-54	NA	0	0
MU-07-59	NA	0	0
MU-07-60	1	1	1
MU-07-62	NA	0	0
MU-07-65	NA	0	0
MU-07-67	1	1	1
MU-07-73	NA	1	NA
MU-07-74	NA	0	0
MU-07-76	0	1	0
MU-07-79	NA	1	NA
MU-07-81	NA	1	NA
MU-07-82	0	0	0
MU-07-84	0	1	0
MU-07-86	0	0	1
TO-07-001	0	0	0
TO-07-003	NA	0	0
TO-07-004	NA	0	0
TO-07-005	0	0	0
TO-07-006	0	0	0
TO-07-007	0	0	0
TO-07-008	0	0	0
TO-07-009	0	0	0
TO-07-010	0	0	0
TO-07-016	0	0	0
TO-07-018	0	0	0
TO-07-02	0	0	0
TO-07-020	0	0	1
TO-07-031	0	0	0
TO-07-032	0	0	0
TO-07-033	0	0	0
TO-07-035	0	0	0
TO-07-044	0	0	0
TO-07-047	0	0	0
TO-07-056	1	0	0
TO-07-057	1	0	0
TO-07-058	0	0	0
TO-07-061	0	0	0
TO-07-063	0	0	0
TO-07-065	0	0	0
TO-07-071	0	0	0
TO-07-078	0	0	0
TO-07-096	0	0	0
TO-07-100	NA	0	0
TO-07-13	1	0	0
TO-07-19	NA	0	0
TO-07-21	0	0	0
TO-07-22	NA	0	0
TO-07-25	NA	0	0
TO-07-26	0	0	0
TO-07-27	0	0	0
TO-07-28	0	0	0
TO-07-38	NA	0	0
TO-07-41	0	0	0
TO-07-42	0	0	0
TO-07-43	NA	0	0
TO-07-44	NA	0	0
TO-07-49	0	0	0
TO-07-51	0	0	0
TO-07-62	NA	0	0
TO-07-66	NA	0	0
TO-07-73	NA	1	NA
TO-07-74	0	0	0
TO-07-75	0	0	0
TO-07-80	0	1	0
TO-07-81	NA	0	0
TO-07-82	NA	0	0
TO-07-83	1	0	0
TO-07-84	0	0	0
TO-07-97	0	0	0
TO-07-98	1	0	0
TR-07-46	NA	1	NA
TR-07-49	NA	0	0
TR-07-75	0	0	0
TR-07-83	1	0	0
TR-07-89	0	0	0
TR-07-92	1	0	0
TR-07-93	0	0	0
TR-07-97	NA	0	0
kS-07-02	0	1	0
